version https://git-lfs.github.com/spec/v1
oid sha256:dd6ee2b674cfae52d0d4da5b80f569adb90afb636cf5c7d5ec026220b3cb293e
size 679
