0.01902933046221733
0.02027372270822525
0.01924244873225689
0.020467238500714302
0.019684696570038795
0.019428452476859093
0.019664829596877098
0.020423024892807007
0.021106626838445663
0.020690852776169777
0.022083662450313568
0.022201767191290855
0.021773120388388634
0.021843774244189262
0.02334526926279068
0.023597346618771553
0.021723175421357155
0.023206807672977448
0.022825291380286217
0.023217488080263138
0.023123720660805702
0.024461785331368446
0.023867996409535408
0.02463706023991108
0.024439681321382523
0.02587301842868328
0.02514532580971718
0.026403730735182762
0.025971725583076477
0.02728436328470707
0.026804832741618156
0.02979119122028351
0.030833175405859947
0.03024783357977867
0.028195306658744812
0.03277390077710152
0.03447011113166809
0.032922059297561646
0.037062350660562515
0.03112386167049408
0.032310161739587784
0.03320257365703583
0.03225851058959961
0.033148471266031265
0.03460879623889923
0.03586551547050476
0.033514562994241714
0.03587113320827484
0.036709029227495193
0.043293457478284836
0.0352625697851181
0.03845798969268799
0.033124443143606186
0.035921860486269
0.04094153270125389
0.04128221049904823
0.04563654959201813
0.04485417902469635
0.047293152660131454
0.04797622188925743
0.04789484292268753
0.04108691215515137
0.045055046677589417
0.038122013211250305
0.04652930423617363
0.0433645024895668
0.04725182428956032
0.04136945679783821
0.04675164446234703
0.04771743342280388
0.0530751571059227
0.044071923941373825
0.05109367519617081
0.044576190412044525
0.05427920073270798
0.046407733112573624
0.054356399923563004
0.05237984657287598
0.050313740968704224
0.053606487810611725
0.04760520160198212
0.05049046128988266
0.062491439282894135
0.05641891807317734
0.05759522691369057
0.06453675776720047
0.05768582224845886
0.053123991936445236
0.06725512444972992
0.06370802968740463
0.05574709549546242
0.07108891010284424
0.06079921871423721
0.06334012001752853
0.062012679874897
0.06114424392580986
0.07325129956007004
0.06956477463245392
0.06662974506616592
0.07338021695613861
0.0626322403550148
0.057690586894750595
0.06494154036045074
0.06908687949180603
0.06648771464824677
0.07227733731269836
0.06923297047615051
0.07250135391950607
0.07158161699771881
0.0656566172838211
0.0576644167304039
0.06706022471189499
0.06541312485933304
0.06710399687290192
0.07174091786146164
0.0761573538184166
0.07386016845703125
0.06588348746299744
0.07595686614513397
0.07031518965959549
0.0629320815205574
0.0552513562142849
0.06339263916015625
0.06513281911611557
0.06814716756343842
0.06850680708885193
0.05334522947669029
0.07239913195371628
0.06878916174173355
0.06705226004123688
0.05943040922284126
0.06899797916412354
0.06831979006528854
0.052140701562166214
0.07704721391201019
0.06320888549089432
0.0675983875989914
0.06397087126970291
0.05813194811344147
0.07194210588932037
0.057945992797613144
0.06874511390924454
0.0734419971704483
0.06233137100934982
0.06820323318243027
0.059959448873996735
0.07349430024623871
0.06886474788188934
0.06702707707881927
0.07502993196249008
0.06684819608926773
0.08016496151685715
0.0676894262433052
0.0681242123246193
0.07370661944150925
0.06723400205373764
0.07024183869361877
0.07060810178518295
0.07377889752388
0.07736104726791382
0.056603409349918365
0.07421758025884628
0.07152940332889557
0.06743884831666946
0.05467526242136955
0.06153874471783638
0.06329859048128128
0.06468839943408966
0.06764025241136551
0.06319358199834824
0.05427326261997223
0.06814225763082504
0.05089523270726204
0.059899263083934784
0.0705181211233139
0.05969689413905144
0.07367448508739471
0.06072819605469704
0.06263064593076706
0.05486311390995979
0.07003680616617203
0.06647318601608276
0.058909423649311066
0.05819941684603691
0.061638932675123215
0.055737536400556564
0.058577872812747955
0.06803958863019943
0.06745996326208115
0.06797590851783752
0.060163114219903946
0.05189858749508858
0.05175449699163437
0.054246582090854645
0.059134915471076965
0.06088510528206825
0.057674963027238846
0.057779837399721146
0.053449466824531555
0.055902544409036636
0.05717941373586655
0.050812531262636185
0.05321132764220238
0.05887357518076897
0.0511181615293026
0.05587223172187805
0.05656984820961952
0.05730005353689194
0.053859956562519073
0.0537542849779129
0.05178559944033623
0.0459865964949131
0.0559874027967453
0.0489138700067997
0.047086961567401886
0.049753475934267044
0.046675216406583786
0.054129041731357574
0.053433194756507874
0.053869739174842834
0.05385072901844978
0.04837102070450783
0.041913677006959915
0.04491375386714935
0.047163646668195724
0.05206833779811859
0.053466785699129105
0.05621149763464928
0.04986422881484032
0.04737357050180435
0.04478117823600769
0.051077622920274734
0.056434035301208496
0.047499701380729675
0.03957202285528183
0.05072639882564545
0.05067616328597069
0.046145811676979065
0.049903374165296555
0.055815618485212326
0.04038938507437706
0.044816989451646805
0.044218841940164566
0.0435529425740242
0.049125589430332184
0.04985396936535835
0.04869737848639488
0.05579211935400963
0.04786258935928345
0.04496879130601883
0.0499698743224144
0.05173233151435852
0.053412940353155136
0.04390363395214081
0.03911728039383888
0.04981939494609833
0.044167738407850266
0.04934626445174217
0.03991389647126198
0.044298816472291946
0.05356349050998688
0.05104481056332588
0.04769996553659439
0.041565824300050735
0.047299258410930634
0.04349370673298836
0.03779807314276695
0.044693831354379654
0.04955900087952614
0.04822838306427002
0.03963897004723549
0.039795245975255966
0.04094764217734337
0.047422993928194046
0.04025323688983917
0.051962725818157196
0.038731250911951065
0.04662260785698891
0.04601867124438286
0.03953515365719795
0.03983723372220993
0.03523107245564461
0.04241457208991051
0.04249528422951698
0.04112918674945831
0.04057237505912781
0.040557343512773514
0.04716232419013977
0.04413916915655136
0.04363919049501419
0.03890077769756317
0.036754924803972244
0.03732715919613838
0.04455212876200676
0.04866944998502731
0.0409698486328125
0.038413941860198975
0.03861191123723984
0.044323571026325226
0.04814562201499939
0.04404840245842934
0.04691038280725479
0.04007571190595627
0.036583781242370605
0.04030086100101471
0.04355372488498688
0.03975221887230873
0.04234858229756355
0.03800668939948082
0.03621898964047432
0.04425963759422302
0.03942744806408882
0.04194360971450806
0.03681810200214386
0.042711902409791946
0.04531856253743172
0.039720747619867325
0.0395268052816391
0.0400761216878891
0.04380016773939133
0.05177341401576996
0.04326796904206276
0.03921619430184364
0.03855035826563835
0.04354355111718178
0.03944272920489311
0.03715618699789047
0.04809528589248657
0.04439763352274895
0.0543828010559082
0.045848358422517776
0.04122546687722206
0.05171465501189232
0.053243767470121384
0.04845032840967178
0.05543747544288635
0.05865206941962242
0.05360137298703194
0.04393652081489563
0.057716622948646545
0.05788720026612282
0.053369130939245224
0.05895744264125824
0.05470935255289078
0.08165375143289566
0.06234137341380119
0.06509476900100708
0.049339115619659424
0.05253240838646889
0.0512082576751709
0.05859190598130226
0.05787578597664833
0.0428977832198143
0.05777681618928909
0.05862171947956085
0.05415574088692665
0.05596526712179184
0.050466299057006836
0.05185054615139961
0.05093877762556076
0.06508725881576538
0.054989542812108994
0.06312195956707001
0.0668645054101944
0.05673485994338989
0.055607870221138
0.05436874181032181
0.04408795014023781
0.03833149001002312
0.05230018123984337
0.0445721261203289
0.04633007571101189
0.04965200275182724
0.04915265738964081
0.0425238236784935
0.042070019990205765
0.04536738619208336
0.045153819024562836
0.03953888267278671
0.03877008706331253
0.04246966913342476
0.044597070664167404
0.04665510356426239
0.039537616074085236
0.03695453330874443
0.04242513328790665
0.045003000646829605
0.03839666396379471
0.04562079533934593
0.043688055127859116
0.042773306369781494
0.04518731310963631
0.04354595020413399
0.035161957144737244
0.03549542278051376
0.04068409651517868
0.03682083636522293
0.039822306483983994
0.04651710018515587
0.044158972799777985
0.042169563472270966
0.037778593599796295
0.03334279730916023
0.04147214815020561
0.04323180392384529
0.0400485023856163
0.04187535494565964
0.040686771273612976
0.03706008195877075
0.03942961245775223
0.049934014678001404
0.043124720454216
0.0468527153134346
0.054356347769498825
0.05148310586810112
0.04517660662531853
0.05236297845840454
0.048485781997442245
0.045697566121816635
0.04879629984498024
0.056523602455854416
0.06272636353969574
0.06280934065580368
0.05422171950340271
0.06473666429519653
0.0546572245657444
0.0528135783970356
0.06305296719074249
0.05419590696692467
0.04982145503163338
0.04991987720131874
0.0640491396188736
0.05436062440276146
0.0502467155456543
0.05586908385157585
0.06123829632997513
0.05841478705406189
0.06272130459547043
0.06279187649488449
0.049093760550022125
0.06233194097876549
0.07253774255514145
0.06256061792373657
0.0561705008149147
0.05807797238230705
0.07309763878583908
0.053777024149894714
0.06200724467635155
0.07972526550292969
0.04878086969256401
0.06979323923587799
0.06733440607786179
0.06016770377755165
0.06620241701602936
0.08103912323713303
0.06867998838424683
0.0952756404876709
0.08189868181943893
0.08128084987401962
0.07079868018627167
0.0751245766878128
0.061717890202999115
0.09799402207136154
0.07598719000816345
0.1038355678319931
0.09280621260404587
0.07602392137050629
0.09632942825555801
0.0898246318101883
0.09617679566144943
0.09763506799936295
0.11047608405351639
0.0943065881729126
0.10151559859514236
0.13898010551929474
0.12067712843418121
0.12054596841335297
0.11167239397764206
0.14683429896831512
0.10661507397890091
0.10310227423906326
0.1283884197473526
0.11143408715724945
0.12077519297599792
0.13367962837219238
0.10959827899932861
0.10492780804634094
0.10504339635372162
0.12657496333122253
0.11040205508470535
0.10453332960605621
0.10858672857284546
0.1138451099395752
0.11567509174346924
0.1023380234837532
0.14401565492153168
0.12320821732282639
0.11500179022550583
0.11569183319807053
0.09317272156476974
0.10478488355875015
0.11975351721048355
0.11188070476055145
0.11802848428487778
0.1120593398809433
0.09047110378742218
0.10118845850229263
0.09255953133106232
0.08285697549581528
0.10080009698867798
0.10005465894937515
0.10503771156072617
0.09122240543365479
0.09739428013563156
0.08026470988988876
0.0973084568977356
0.09133072197437286
0.08354174345731735
0.10236133635044098
0.07733451575040817
0.07859744131565094
0.08788415789604187
0.08421831578016281
0.08357542008161545
0.09850310534238815
0.0957019180059433
0.07994692027568817
0.0834798514842987
0.08638004213571548
0.1004369929432869
0.08013273030519485
0.09325496107339859
0.07054904848337173
0.07462923973798752
0.06388761103153229
0.08235364407300949
0.07014874368906021
0.07446225732564926
0.0793973058462143
0.08258502185344696
0.08802080899477005
0.0741281658411026
0.08008088171482086
0.07996594905853271
0.07000620663166046
0.07171538472175598
0.08227457106113434
0.08164188265800476
0.07002487778663635
0.08488024026155472
0.07309567183256149
0.08261071890592575
0.07507509738206863
0.06681278347969055
0.059256527572870255
0.06947686523199081
0.07508045434951782
0.07883790135383606
0.06017649918794632
0.07281941175460815
0.07468049973249435
0.06961363554000854
0.05990706384181976
0.06605822592973709
0.07437263429164886
0.06837177276611328
0.07016174495220184
0.052378635853528976
0.06756136566400528
0.06495296210050583
0.07039167732000351
0.06298425793647766
0.07060476392507553
0.056123338639736176
0.07018538564443588
0.0624229833483696
0.06589075177907944
0.05152894929051399
0.051922813057899475
0.0644887313246727
0.05887746438384056
0.05087902396917343
0.05908617749810219
0.05421053618192673
0.05346379056572914
0.0553259439766407
0.056832585483789444
0.053544122725725174
0.0513303205370903
0.06049765273928642
0.05152391269803047
0.05701740086078644
0.05004100874066353
0.04623999074101448
0.0550495944917202
0.05701195076107979
0.061567194759845734
0.05993783101439476
0.059039924293756485
0.053024858236312866
0.05607257038354874
0.053654078394174576
0.05292435362935066
0.053202927112579346
0.044558994472026825
0.04842326045036316
0.05286760628223419
0.054047584533691406
0.05105968937277794
0.046035367995500565
0.04997679963707924
0.04875161126255989
0.05906704440712929
0.04007426276803017
0.05857623741030693
0.04909607768058777
0.04989061877131462
0.052983254194259644
0.044038716703653336
0.052982959896326065
0.05555916950106621
0.04114444553852081
0.0554003044962883
0.04652554541826248
0.047641072422266006
0.04876621812582016
0.04664060100913048
0.0469140000641346
0.04091574251651764
0.047205451875925064
0.046569738537073135
0.05151163041591644
0.046974457800388336
0.039752356708049774
0.047593750059604645
0.047495752573013306
0.046010032296180725
0.043038032948970795
0.04453161358833313
0.05275222286581993
0.04255720600485802
0.042926330119371414
0.03739255294203758
0.048246026039123535
0.04636986553668976
0.042578764259815216
0.045985739678144455
0.04368634149432182
0.04569530114531517
0.04542466253042221
0.04684308543801308
0.05103343352675438
0.041184112429618835
0.043493226170539856
0.04539555683732033
0.04737811163067818
0.046155788004398346
0.039458535611629486
0.04338877275586128
0.04622012749314308
0.04886314645409584
0.044176939874887466
0.044128675013780594
0.037899237126111984
0.04780825972557068
0.04061764478683472
0.04091993719339371
0.04274715483188629
0.03812447190284729
0.040131598711013794
0.03591926023364067
0.03986075147986412
0.0426771454513073
0.046033263206481934
0.04276558756828308
0.03885689005255699
0.04178527370095253
0.04577094316482544
0.04206075146794319
0.044549260288476944
0.04892838001251221
0.04557470604777336
0.04460300877690315
0.041988614946603775
0.044171273708343506
0.05413141846656799
0.03825739771127701
0.046783603727817535
0.043199919164180756
0.04363477975130081
0.050083816051483154
0.03997217118740082
0.04866898059844971
0.04827599972486496
0.04510774090886116
0.05371503904461861
0.0395713746547699
0.043527811765670776
0.05166127160191536
0.04902315139770508
0.0436534509062767
0.05316460132598877
0.048077113926410675
0.045858319848775864
0.043964289128780365
0.051977403461933136
0.05515851825475693
0.045358192175626755
0.040794964879751205
0.048161618411540985
0.03968283534049988
0.04541061073541641
0.033801764249801636
0.04356282576918602
0.0419330857694149
0.04293828830122948
0.03870384395122528
0.045017413794994354
0.03978809341788292
0.03864964097738266
0.038225263357162476
0.0466822013258934
0.04915206879377365
0.037556637078523636
0.04359316825866699
0.03642013669013977
0.04027837887406349
0.03912228345870972
0.042280975729227066
0.045508094131946564
0.035146307200193405
0.04280910640954971
0.04171641170978546
0.046911679208278656
0.041966941207647324
0.03568747639656067
0.03697787597775459
0.039275750517845154
0.039464909583330154
0.04865413159132004
0.04082707315683365
0.03574088215827942
0.03512643650174141
0.03900158032774925
0.034766439348459244
0.03141943737864494
0.034195903688669205
0.036539338529109955
0.033799685537815094
0.03366813436150551
0.036119550466537476
0.04011138901114464
0.030255189165472984
0.03759054094552994
0.038901086896657944
0.04117496311664581
0.038002509623765945
0.038504067808389664
0.03613009303808212
0.039647866040468216
0.03557116538286209
0.032131440937519073
0.04153655841946602
0.035569608211517334
0.03490651026368141
0.042268846184015274
0.031594857573509216
0.03361889347434044
0.037074014544487
0.03228166699409485
0.036507513374090195
0.033308591693639755
0.033576902002096176
0.03483463078737259
0.03800083324313164
0.034384943544864655
0.040414948016405106
0.0372757650911808
0.03551582619547844
0.042867355048656464
0.034750089049339294
0.04125569388270378
0.03475222364068031
0.03350871056318283
0.034005723893642426
0.036219798028469086
0.032452624291181564
0.041587430983781815
0.037307120859622955
0.039479754865169525
0.029062515124678612
0.04281172528862953
0.0397665873169899
0.03917909413576126
0.04408743977546692
0.04582551121711731
0.03988107293844223
0.0387829914689064
0.03858612850308418
0.04664801061153412
0.035706017166376114
0.03971811756491661
0.045657675713300705
0.04773986339569092
0.04251427948474884
0.029799185693264008
0.039538171142339706
0.05087258294224739
0.0464632473886013
0.03763150796294212
0.046627238392829895
0.037741225212812424
0.04070014879107475
0.042036186903715134
0.04925207793712616
0.03996719419956207
0.04689612612128258
0.04570992290973663
0.044219549745321274
0.034630902111530304
0.04580876603722572
0.037228699773550034
0.04771646857261658
0.05374666303396225
0.04790549352765083
0.04554376378655434
0.04667085036635399
0.037923797965049744
0.04442485421895981
0.045714423060417175
0.04379711672663689
0.03897608444094658
0.03682080656290054
0.05443305894732475
0.041786398738622665
0.04552686959505081
0.045107822865247726
0.04271068051457405
0.04892851039767265
0.05646609142422676
0.05281901732087135
0.043682802468538284
0.04139399528503418
0.04095744714140892
0.05157065764069557
0.04860953614115715
0.045854389667510986
0.045647867023944855
0.05409941077232361
0.04052770137786865
0.0498269759118557
0.049737829715013504
0.04512876272201538
0.04941168427467346
0.05875932052731514
0.05636963993310928
0.047709666192531586
0.06473246216773987
0.05467973276972771
0.05868806689977646
0.050375860184431076
0.05516792833805084
0.04965084046125412
0.04734523966908455
0.05311528965830803
0.05960995331406593
0.051980264484882355
0.04793959856033325
0.05319211632013321
0.05039672553539276
0.04588533937931061
0.053133539855480194
0.05151936784386635
0.04907429218292236
0.054849591106176376
0.05631126090884209
0.05622566491365433
0.051645055413246155
0.05882788449525833
0.05223838612437248
0.04691026732325554
0.05003431439399719
0.05689823627471924
0.04594022035598755
0.04424302279949188
0.04271192103624344
0.04651480168104172
0.05298449844121933
0.03787398338317871
0.047212399542331696
0.04643123224377632
0.04240437597036362
0.04181315749883652
0.04610420763492584
0.03897048160433769
0.04305795207619667
0.04889167100191116
0.04459207504987717
0.040722236037254333
0.04143941402435303
0.04485255479812622
0.05067669227719307
0.04492264613509178
0.043051544576883316
0.04139799252152443
0.02888791449368
0.044761769473552704
0.03723782300949097
0.045336946845054626
0.03889109939336777
0.04843287542462349
0.03982371464371681
0.05037512630224228
0.03759608417749405
0.039028462022542953
0.047726016491651535
0.03674144670367241
0.04354586824774742
0.043632958084344864
0.033072955906391144
0.043628040701150894
0.04351046308875084
0.04660997912287712
0.04212389513850212
0.042431965470314026
0.05259062722325325
0.04456662759184837
0.048957206308841705
0.04957813024520874
0.03752672299742699
0.04867265373468399
0.045325882732868195
0.047682683914899826
0.047849319875240326
0.052457019686698914
0.044651418924331665
0.05165357515215874
0.047320373356342316
0.04763486608862877
0.047930244356393814
0.05062832683324814
0.05219142884016037
0.049757685512304306
0.058903004974126816
0.047707851976156235
0.053436726331710815
0.051584530621767044
0.050739631056785583
0.0432790070772171
0.05011054873466492
0.05144088342785835
0.06689117848873138
0.0617610439658165
0.06691045314073563
0.05722220242023468
0.05568565055727959
0.04493698850274086
0.055033013224601746
0.059901535511016846
0.06093117967247963
0.05376012250781059
0.05625570937991142
0.05031425505876541
0.05979902669787407
0.049094926565885544
0.06176205351948738
0.05455732345581055
0.06325811892747879
0.05851052701473236
0.06199658289551735
0.0657804012298584
0.05821482464671135
0.06625307351350784
0.06053786352276802
0.06536675244569778
0.05380546674132347
0.063141368329525
0.05242646113038063
0.06045566499233246
0.06620059162378311
0.0642600730061531
0.06161864474415779
0.06646750122308731
0.06089054420590401
0.05333458259701729
0.05987764894962311
0.06312163174152374
0.053404707461595535
0.06249889358878136
0.05121704563498497
0.059389498084783554
0.04228876531124115
0.05355517938733101
0.0563504733145237
0.059054017066955566
0.05728970840573311
0.05919576436281204
0.052307531237602234
0.05537448078393936
0.049589741975069046
0.050621047616004944
0.05460522696375847
0.05882096290588379
0.04665599763393402
0.049045197665691376
0.04892122000455856
0.05291229858994484
0.05123082175850868
0.06933891773223877
0.05893446505069733
0.05445089563727379
0.04538245499134064
0.04382190853357315
0.057110950350761414
0.04738881438970566
0.04507095366716385
0.05859002098441124
0.056175120174884796
0.042735304683446884
0.046328555792570114
0.0450841560959816
0.048198893666267395
0.051663316786289215
0.05047828331589699
0.04465454816818237
0.04822399094700813
0.04235489293932915
0.05154506862163544
0.04810482636094093
0.050508640706539154
0.057166628539562225
0.05138542503118515
0.055992547422647476
0.049716707319021225
0.051488351076841354
0.04832897335290909
0.05681733042001724
0.05170310288667679
0.05965185910463333
0.04717358574271202
0.04710720106959343
0.052323441952466965
0.047248970717191696
0.06086414307355881
0.049916207790374756
0.04831251502037048
0.047445036470890045
0.05799974128603935
0.05388438701629639
0.055631089955568314
0.08046393096446991
0.05540623515844345
0.05296438932418823
0.05499971657991409
0.05280016362667084
0.05833464860916138
0.0635221004486084
0.05457666516304016
0.05312925949692726
0.07154374569654465
0.06028527021408081
0.058558300137519836
0.08214159309864044
0.056101806461811066
0.06505848467350006
0.059007108211517334
0.05019836127758026
0.07019452005624771
0.04964642599225044
0.05990096926689148
0.06505228579044342
0.06451430171728134
0.04666973650455475
0.05341515317559242
0.06444375216960907
0.061537355184555054
0.0544130802154541
0.06385046988725662
0.06884925812482834
0.07612113654613495
0.06103294715285301
0.05882683023810387
0.07411549985408783
0.07274092733860016
0.062104448676109314
0.07498142868280411
0.07100427150726318
0.053787048906087875
0.06389716267585754
0.06948122382164001
0.06359902769327164
0.06519594043493271
0.06317459791898727
0.06459270417690277
0.06115006282925606
0.06226664409041405
0.047585874795913696
0.06326112151145935
0.058689530938863754
0.06380879878997803
0.06675402820110321
0.06473580002784729
0.08645746111869812
0.05861475318670273
0.05412636697292328
0.06909553706645966
0.06841032952070236
0.06665286421775818
0.05359812453389168
0.07277363538742065
0.07222989946603775
0.08508993685245514
0.05992460250854492
0.0605664998292923
0.07052204012870789
0.059999823570251465
0.07195667177438736
0.05285632610321045
0.07945273816585541
0.08907187730073929
0.05599014461040497
0.06815739721059799
0.08202080428600311
0.060613151639699936
0.08345485478639603
0.06603742390871048
0.06186552345752716
0.07464756071567535
0.06576097756624222
0.08560891449451447
0.07057365775108337
0.06659235060214996
0.07349163293838501
0.0638037845492363
0.060266874730587006
0.06787536293268204
0.0744999423623085
0.08838123828172684
0.059068869799375534
0.0831366553902626
0.07377883791923523
0.0866057425737381
0.07162170112133026
0.07803048193454742
0.07443314045667648
0.0656602755188942
0.07348322123289108
0.10411643981933594
0.08792127668857574
0.07845909893512726
0.08432389795780182
0.09278755635023117
0.061764296144247055
0.07894705981016159
0.07256783545017242
0.07215528190135956
0.07181857526302338
0.06593141704797745
0.07367173582315445
0.0902051031589508
0.07691196352243423
0.07432867586612701
0.08144072443246841
0.06548994034528732
0.08392880856990814
0.08445579558610916
0.06565158814191818
0.06905467063188553
0.07769031077623367
0.07866407930850983
0.057751186192035675
0.07675027847290039
0.08933219313621521
0.08395896106958389
0.07538112998008728
0.08936519175767899
0.08034539967775345
0.07285521924495697
0.08174654096364975
0.0932062566280365
0.07751532644033432
0.08525892347097397
0.07539283484220505
0.07782861590385437
0.06646154075860977
0.08206159621477127
0.10439848154783249
0.08961598575115204
0.08353381603956223
0.08974623680114746
0.09031294286251068
0.07083626091480255
0.0829019844532013
0.09966963529586792
0.10724012553691864
0.08106525987386703
0.07867725193500519
0.07670185714960098
0.10901491343975067
0.10294482111930847
0.10386882722377777
0.10661263018846512
0.08363305032253265
0.07067910581827164
0.09940152615308762
0.0905734971165657
0.10563339293003082
0.07448112219572067
0.10580329596996307
0.1105414628982544
0.09141785651445389
0.07756147533655167
0.07955938577651978
0.08110994845628738
0.06931637227535248
0.0887615978717804
0.10620133578777313
0.06684164702892303
0.091844342648983
0.09979696571826935
0.0906895101070404
0.11253294348716736
0.09669338911771774
0.09061039984226227
0.08898503333330154
0.06254095584154129
0.08509141206741333
0.11372137069702148
0.07819820195436478
0.07347459346055984
0.09978999942541122
0.10319417715072632
0.08975028991699219
0.10026457160711288
0.08285894989967346
0.09274992346763611
0.09244336932897568
0.08703860640525818
0.08624201267957687
0.10753768682479858
0.08877141773700714
0.0820019319653511
0.0765707865357399
0.08127017319202423
0.08017926663160324
0.09966763108968735
0.09874465316534042
0.0932815819978714
0.08809074014425278
0.08889075368642807
0.08454741537570953
0.07829812914133072
0.0928361788392067
0.09383799880743027
0.08359955996274948
0.08732569962739944
0.06679077446460724
0.07179857045412064
0.09682386368513107
0.09279179573059082
0.09388836473226547
0.07197091728448868
0.07801397889852524
0.07183218002319336
0.10765416920185089
0.07297420501708984
0.10023834556341171
0.09882744401693344
0.08593965321779251
0.08665288984775543
0.08490844815969467
0.06435447931289673
0.08701984584331512
0.0834871232509613
0.08259344846010208
0.07789063453674316
0.07481342554092407
0.08799628168344498
0.07335473597049713
0.06851796805858612
0.07142321765422821
0.08014027774333954
0.08411654829978943
0.06994848698377609
0.0931628942489624
0.07449564337730408
0.0610257163643837
0.059753332287073135
0.07882235199213028
0.062098585069179535
0.06609714031219482
0.06829828768968582
0.060772135853767395
0.06486599147319794
0.07153426855802536
0.06290876120328903
0.08677749335765839
0.06308624893426895
0.05791722983121872
0.07531467080116272
0.08377940952777863
0.06952440738677979
0.06775593757629395
0.08734416216611862
0.07294037193059921
0.0665961354970932
0.07717724144458771
0.0728103443980217
0.0734354630112648
0.060596536844968796
0.07225623726844788
0.07519732415676117
0.08656705915927887
0.08536990731954575
0.07472460716962814
0.060710079967975616
0.07829242944717407
0.06739097833633423
0.05611499026417732
0.06334008276462555
0.06892237067222595
0.08392810821533203
0.08481472730636597
0.055939506739377975
0.08933467417955399
0.07239791750907898
0.08185351639986038
0.06433256715536118
0.07756619155406952
0.06064397841691971
0.07314097881317139
0.06591241806745529
0.0675124004483223
0.0740993469953537
0.08389912545681
0.06753344088792801
0.07513818889856339
0.08351647853851318
0.08362764120101929
0.07572902739048004
0.07170785963535309
0.06941486150026321
0.07414006441831589
0.06746207922697067
0.0859445258975029
0.06795405596494675
0.06383365392684937
0.07157309353351593
0.07643687725067139
0.07022851705551147
0.07605310529470444
0.08900026977062225
0.08546868711709976
0.0638638287782669
0.07707201689481735
0.07403907924890518
0.07282576709985733
0.061103202402591705
0.06936202198266983
0.0689006969332695
0.06530740857124329
0.07517195492982864
0.07161267101764679
0.07181619107723236
0.057294126600027084
0.08965016901493073
0.06812228262424469
0.06380187720060349
0.06880781799554825
0.07242219150066376
0.06070601940155029
0.07011514157056808
0.0735834613442421
0.05768050625920296
0.06222950294613838
0.06856933236122131
0.06761791557073593
0.05899850279092789
0.058587294071912766
0.05667039752006531
0.06986942887306213
0.06638404726982117
0.06190577149391174
0.06602073460817337
0.063156358897686
0.07246299833059311
0.06694500148296356
0.0671348050236702
0.05713570863008499
0.059891607612371445
0.06696224212646484
0.05728805437684059
0.05419306457042694
0.05021693930029869
0.06666892021894455
0.06878774613142014
0.06285762041807175
0.051536835730075836
0.06649360060691833
0.064938984811306
0.06838582456111908
0.05750395730137825
0.058834634721279144
0.058980442583560944
0.06352751702070236
0.04909238964319229
0.062194015830755234
0.06688230484724045
0.058202922344207764
0.06641068309545517
0.05850621312856674
0.06692436337471008
0.07666808366775513
0.05688382312655449
0.047235194593667984
0.06647267937660217
0.06211966648697853
0.06019311770796776
0.0598093681037426
0.05006563290953636
0.06222447007894516
0.059227921068668365
0.060091692954301834
0.06610813736915588
0.06656575202941895
0.06599503010511398
0.06918244808912277
0.054629914462566376
0.06216827780008316
0.0674576535820961
0.073967345058918
0.06638776510953903
0.060959167778491974
0.057667091488838196
0.05940863862633705
0.057533103972673416
0.06279236078262329
0.0717688575387001
0.06931094080209732
0.05412361025810242
0.05546104162931442
0.07095595449209213
0.056798871606588364
0.08406230807304382
0.07953118532896042
0.06320757418870926
0.07047268748283386
0.0658460184931755
0.06517542153596878
0.06936172395944595
0.07460445910692215
0.05906664952635765
0.07212516665458679
0.0585588738322258
0.06117333471775055
0.060462091118097305
0.06733021885156631
0.05559723079204559
0.07642876356840134
0.06781559437513351
0.06847818940877914
0.05876336246728897
0.06537503749132156
0.06979731470346451
0.053614772856235504
0.08641355484724045
0.06405339390039444
0.06229913607239723
0.06715227663516998
0.062306419014930725
0.05073734372854233
0.0692271813750267
0.054532501846551895
0.061505429446697235
0.0559157133102417
0.05988717079162598
0.08802191913127899
0.06544149667024612
0.07168789952993393
0.07067009061574936
0.06315424293279648
0.06549303978681564
0.060352593660354614
0.05721191316843033
0.05898623540997505
0.05611561983823776
0.057059742510318756
0.06074108928442001
0.06263069808483124
0.06507235765457153
0.06556949764490128
0.06211274862289429
0.08437921851873398
0.05885862186551094
0.06100169196724892
0.06596419960260391
0.06548643857240677
0.07597222924232483
0.08529618382453918
0.07542528212070465
0.06909271329641342
0.08567742258310318
0.07227718830108643
0.06330790370702744
0.07518059760332108
0.07290273159742355
0.07424668967723846
0.09316138178110123
0.07157836854457855
0.0741465836763382
0.07151512056589127
0.06638594716787338
0.07737209647893906
0.07842359691858292
0.08288930356502533
0.06510378420352936
0.055821239948272705
0.056225311011075974
0.06474394351243973
0.0747295543551445
0.06900906562805176
0.0639716386795044
0.07098272442817688
0.07966434955596924
0.06579064577817917
0.08404605835676193
0.07364393770694733
0.0791010633111
0.07277069240808487
0.07335680723190308
0.08517396450042725
0.07471591234207153
0.08020718395709991
0.057908859103918076
0.0740547701716423
0.0840132087469101
0.07839995622634888
0.0758267417550087
0.06108296662569046
0.07101516425609589
0.080362468957901
0.08289064466953278
0.11372800916433334
0.09033834934234619
0.0860566794872284
0.09511566162109375
0.09908091276884079
0.07625391334295273
0.0817897617816925
0.0647532269358635
0.10198058933019638
0.08838710933923721
0.10497603565454483
0.0762803852558136
0.09802486002445221
0.06974545121192932
0.07488322257995605
0.10015111416578293
0.08092163503170013
0.07879424095153809
0.0935482531785965
0.07916519790887833
0.09082284569740295
0.09429056942462921
0.08532935380935669
0.10054513067007065
0.11130951344966888
0.08825186640024185
0.11735740303993225
0.09309396147727966
0.09090258181095123
0.10527800023555756
0.10695664584636688
0.10865157097578049
0.077358178794384
0.11467145383358002
0.10757255554199219
0.09465818852186203
0.0884798988699913
0.09888166189193726
0.10444562137126923
0.10537620633840561
0.09250165522098541
0.07674632966518402
0.10665042698383331
0.09662649780511856
0.09210958331823349
0.10878881812095642
0.08721617609262466
0.08131130039691925
0.07965391874313354
0.06725650280714035
0.13264694809913635
0.09388922154903412
0.07420569658279419
0.09043855965137482
0.12778259813785553
0.09875158220529556
0.09510727226734161
0.09083165973424911
0.10991960763931274
0.11476822197437286
0.0787358209490776
0.1064462661743164
0.12545141577720642
0.1344575434923172
0.09672176837921143
0.10706012696027756
0.10978596657514572
0.1079041138291359
0.10989922285079956
0.1112494170665741
0.09868951886892319
0.08325767517089844
0.10455171018838882
0.1085219532251358
0.12887908518314362
0.10436275601387024
0.09572315216064453
0.08857982605695724
0.09540344029664993
0.11622491478919983
0.12388955801725388
0.10165128111839294
0.1158364862203598
0.10582470893859863
0.09898781031370163
0.07534459233283997
0.11451014876365662
0.11264297366142273
0.09800047427415848
0.08619906008243561
0.11352989822626114
0.09402883052825928
0.11534623801708221
0.10603771358728409
0.12073610723018646
0.08131113648414612
0.09180212020874023
0.11129430681467056
0.10844109952449799
0.09271112829446793
0.10411833226680756
0.10089240223169327
0.0903225988149643
0.08848310261964798
0.09385037422180176
0.07117988914251328
0.10863623768091202
0.10038850456476212
0.10147542506456375
0.09309521317481995
0.0868905633687973
0.09743164479732513
0.07983104884624481
0.0732344463467598
0.10439372062683105
0.1055259183049202
0.07975710183382034
0.09887564182281494
0.09091614931821823
0.07994755357503891
0.09730616956949234
0.08264485746622086
0.10126931965351105
0.09633257985115051
0.0719493106007576
0.10314390063285828
0.07514845579862595
0.09011902660131454
0.09407856315374374
0.0793401449918747
0.09875599294900894
0.10646481066942215
0.10852532833814621
0.11676384508609772
0.09169185906648636
0.09188415855169296
0.08428440988063812
0.09819653630256653
0.0753229483962059
0.08260119706392288
0.09814617782831192
0.08644317835569382
0.07834732532501221
0.08660319447517395
0.0799652487039566
0.09370539337396622
0.08058857917785645
0.09335752576589584
0.10534224659204483
0.10287195444107056
0.092727430164814
0.0659223273396492
0.1010046899318695
0.10205134749412537
0.08811061084270477
0.08801843971014023
0.09152701497077942
0.10411829501390457
0.0659187063574791
0.07057535648345947
0.07973364740610123
0.08450481295585632
0.09890181571245193
0.0945715606212616
0.09545958787202835
0.10854209214448929
0.08237368613481522
0.08562569320201874
0.0846552774310112
0.10083503276109695
0.09388799220323563
0.06884929537773132
0.0901559442281723
0.0828835517168045
0.08988673985004425
0.11385326832532883
0.0750424861907959
0.09842682629823685
0.08732406795024872
0.082178495824337
0.1039760559797287
0.0825638696551323
0.07626523822546005
0.08309899270534515
0.08797506988048553
0.09140291064977646
0.09075246006250381
0.08572331815958023
0.0805523693561554
0.0849667638540268
0.09348773956298828
0.10527817159891129
0.10321801155805588
0.07613718509674072
0.1004498079419136
0.09696787595748901
0.08835620433092117
0.10017932951450348
0.10270779579877853
0.09295867383480072
0.09382384270429611
0.07522886246442795
0.10559540241956711
0.0922413021326065
0.11000899225473404
0.0876188576221466
0.09604157507419586
0.07457777112722397
0.08665397018194199
0.0671854168176651
0.11350707709789276
0.0918707475066185
0.07409337908029556
0.08737616240978241
0.09152209758758545
0.10327953100204468
0.09195573627948761
0.11284983158111572
0.09345268458127975
0.10278873145580292
0.07940636575222015
0.10161399841308594
0.07719997316598892
0.0983407199382782
0.0730752944946289
0.09374022483825684
0.11223680526018143
0.10534560680389404
0.09011426568031311
0.11097179353237152
0.10508136451244354
0.11641073226928711
0.13680320978164673
0.11977408081293106
0.12370287626981735
0.11795295774936676
0.09049931168556213
0.11670669168233871
0.10263943672180176
0.08636073023080826
0.09614308178424835
0.09432743489742279
0.07531429082155228
0.09864238649606705
0.11021099984645844
0.13267458975315094
0.10476306080818176
0.10729437321424484
0.0884898230433464
0.09615087509155273
0.08480037748813629
0.08636078238487244
0.10709503293037415
0.12240859121084213
0.0959998071193695
0.10474042594432831
0.09869434684515
0.09269605576992035
0.11713837087154388
0.06946032494306564
0.11396263539791107
0.09254863113164902
0.09335169941186905
0.10574733465909958
0.10501543432474136
0.08102895319461823
0.10226494818925858
0.09289903938770294
0.11570490896701813
0.09858392179012299
0.10247443616390228
0.09031220525503159
0.08489201217889786
0.09226071834564209
0.08268263936042786
0.08768530189990997
0.09323825687170029
0.10522514581680298
0.1035277470946312
0.0810944065451622
0.1092640683054924
0.08689858019351959
0.11587619036436081
0.09861921519041061
0.10462721437215805
0.07305226475000381
0.086329884827137
0.07307927310466766
0.09182275831699371
0.09174025058746338
0.09089366346597672
0.094685859978199
0.07935690879821777
0.11326725035905838
0.07736633718013763
0.0967092216014862
0.08913858979940414
0.09866007417440414
0.10054861754179001
0.08337263017892838
0.09594650566577911
0.09715956449508667
0.08375360071659088
0.09458956122398376
0.11478371918201447
0.09377603232860565
0.11613326519727707
0.10535183548927307
0.09018267691135406
0.08598975837230682
0.10251560062170029
0.10042086243629456
0.0873505175113678
0.09881548583507538
0.08051712810993195
0.07945173978805542
0.1031530424952507
0.08004926890134811
0.08784434199333191
0.11111326515674591
0.10714912414550781
0.1062183529138565
0.09234271198511124
0.10806990414857864
0.10231047868728638
0.08508209884166718
0.08353786170482635
0.09895508736371994
0.08190449327230453
0.09930114448070526
0.07432306557893753
0.1141594722867012
0.11437205970287323
0.08925654739141464
0.10242918133735657
0.09932021051645279
0.09472567588090897
0.11893506348133087
0.08613546192646027
0.11864744871854782
0.09951047599315643
0.10132686048746109
0.12305545806884766
0.08104817569255829
0.1048806756734848
0.09082262217998505
0.09215719997882843
0.09612441062927246
0.09041381627321243
0.09034936130046844
0.09007469564676285
0.07018306851387024
0.09595885872840881
0.10104665905237198
0.09657301008701324
0.11831648647785187
0.10375943034887314
0.10632921755313873
0.08050371706485748
0.127286896109581
0.09809474647045135
0.12649670243263245
0.11588047444820404
0.13110502064228058
0.11099252104759216
0.12889426946640015
0.13131248950958252
0.13309288024902344
0.12298605591058731
0.10642389953136444
0.133585125207901
0.0899662896990776
0.10325244814157486
0.10300193727016449
0.11347020417451859
0.1168464794754982
0.07436820864677429
0.10905347764492035
0.14783813059329987
0.11909585446119308
0.12024175375699997
0.1029990091919899
0.12686756253242493
0.1301693469285965
0.15050332248210907
0.12324630469083786
0.09128517657518387
0.14263367652893066
0.1080990582704544
0.12963958084583282
0.10801088064908981
0.13606028258800507
0.11217164993286133
0.09978301078081131
0.1312217265367508
0.15682673454284668
0.13814161717891693
0.1337161362171173
0.10411761701107025
0.11844157427549362
0.11154041439294815
0.13083185255527496
0.13906404376029968
0.13182803988456726
0.15770751237869263
0.11394960433244705
0.10287627577781677
0.1250586062669754
0.10830175876617432
0.10541730374097824
0.11639121174812317
0.1340637505054474
0.12940073013305664
0.12649545073509216
0.10486006736755371
0.13156206905841827
0.10783567279577255
0.12525703012943268
0.1098375916481018
0.1479700654745102
0.12787926197052002
0.12354744225740433
0.12088096886873245
0.10527971386909485
0.13248223066329956
0.10377433896064758
0.16451282799243927
0.14344912767410278
0.10503748804330826
0.12887710332870483
0.11595488339662552
0.1159096211194992
0.09257645159959793
0.11203772574663162
0.10531427711248398
0.14626944065093994
0.11182541400194168
0.08886352181434631
0.14041757583618164
0.10616133362054825
0.09343235939741135
0.11350463330745697
0.098954938352108
0.10512108355760574
0.15041948854923248
0.11484794318675995
0.1066192090511322
0.1445314586162567
0.10186260938644409
0.0895795226097107
0.07727368175983429
0.11401468515396118
0.10461277514696121
0.10137277096509933
0.10043998062610626
0.09035583585500717
0.08345119655132294
0.1192408949136734
0.11057143658399582
0.0954769104719162
0.09214209020137787
0.10193736851215363
0.15866491198539734
0.09358755499124527
0.12281521409749985
0.09445693343877792
0.09827272593975067
0.12551486492156982
0.10188201814889908
0.11566788703203201
0.10830935090780258
0.106747567653656
0.13988271355628967
0.08610169589519501
0.08965615928173065
0.0855850949883461
0.1324581801891327
0.10527826100587845
0.14669017493724823
0.1200634017586708
0.16267122328281403
0.11470376700162888
0.1477023810148239
0.08593727648258209
0.10021955519914627
0.13126403093338013
0.12374268472194672
0.11379005759954453
0.1030847579240799
0.12853851914405823
0.13481687009334564
0.12458816915750504
0.14270241558551788
0.10605063289403915
0.10854330658912659
0.11859952658414841
0.11051200330257416
0.12525908648967743
0.15150445699691772
0.09558741003274918
0.11346716433763504
0.1255858838558197
0.1579539030790329
0.12710274755954742
0.13521996140480042
0.16907939314842224
0.10853904485702515
0.11483350396156311
0.09936666488647461
0.13801796734333038
0.13323701918125153
0.12386633455753326
0.1560872197151184
0.125782310962677
0.08683314174413681
0.12983644008636475
0.11825836449861526
0.10625306516885757
0.1411154419183731
0.1592981219291687
0.15032556653022766
0.1207139790058136
0.1069304421544075
0.12774422764778137
0.12541557848453522
0.13456004858016968
0.10676121711730957
0.10952722281217575
0.1455906629562378
0.13623438775539398
0.11668745428323746
0.11760230362415314
0.1357516050338745
0.14076194167137146
0.12920986115932465
0.10687444359064102
0.12701913714408875
0.1275472790002823
0.11424693465232849
0.11075986176729202
0.11234916001558304
0.11963114887475967
0.08585991710424423
0.1530146449804306
0.13294853270053864
0.13416816294193268
0.11022479832172394
0.10534397512674332
0.09137005358934402
0.1290825456380844
0.11120512336492538
0.1407826691865921
0.11878791451454163
0.10270155966281891
0.15647736191749573
0.12645167112350464
0.10394217818975449
0.11512955278158188
0.1500270515680313
0.10924629122018814
0.10230006277561188
0.10858499258756638
0.12156056612730026
0.1342681646347046
0.1773536652326584
0.12507253885269165
0.16565415263175964
0.12077430635690689
0.09748238325119019
0.11503012478351593
0.13230261206626892
0.10090839117765427
0.12996740639209747
0.09956039488315582
0.1571948528289795
0.09518449753522873
0.10560218244791031
0.12457221746444702
0.1293223798274994
0.0904228687286377
0.1375751495361328
0.1302364319562912
0.0734257698059082
0.09814611077308655
0.1007968857884407
0.1313277781009674
0.11166215687990189
0.11093568801879883
0.15203577280044556
0.12401634454727173
0.08590932935476303
0.0971589908003807
0.11432822048664093
0.14805348217487335
0.1009831428527832
0.09543195366859436
0.13220983743667603
0.10708004981279373
0.10896367579698563
0.09110100567340851
0.1233295276761055
0.09653546661138535
0.11067547649145126
0.10159929096698761
0.08648484945297241
0.12539871037006378
0.09411777555942535
0.14308683574199677
0.1000576987862587
0.13009613752365112
0.11746426671743393
0.1219329684972763
0.1171371266245842
0.10030888020992279
0.15430223941802979
0.09719816595315933
0.10238094627857208
0.1257089227437973
0.12615536153316498
0.14443174004554749
0.1217055544257164
0.09073001146316528
0.1347903609275818
0.1314745843410492
0.11044155806303024
0.14404888451099396
0.12263710796833038
0.14854128658771515
0.0935804545879364
0.1459147334098816
0.1578429788351059
0.1355990320444107
0.12304016947746277
0.09836889803409576
0.10044927150011063
0.09824594855308533
0.09582886844873428
0.1329631209373474
0.11062920093536377
0.12875999510288239
0.12459293007850647
0.13955189287662506
0.12085156887769699
0.12692169845104218
0.10829100757837296
0.15260586142539978
0.10702861845493317
0.12387649714946747
0.1625600904226303
0.09868081659078598
0.13131745159626007
0.10334762930870056
0.12304419279098511
0.1252700537443161
0.106353759765625
0.13453549146652222
0.11129544675350189
0.10772259533405304
0.15355584025382996
0.13256745040416718
0.16558128595352173
0.1465068757534027
0.1192595437169075
0.12025292217731476
0.17455001175403595
0.07991345971822739
0.11514674127101898
0.09235213696956635
0.09224193543195724
0.11381291598081589
0.1259671449661255
0.14031143486499786
0.09958067536354065
0.1366666555404663
0.15166987478733063
0.16141082346439362
0.13315093517303467
0.08446961641311646
0.07913676649332047
0.1330755054950714
0.15856431424617767
0.14114534854888916
0.13754497468471527
0.13224636018276215
0.11532566696405411
0.16366997361183167
0.12388162314891815
0.1192169040441513
0.12457867711782455
0.10683681070804596
0.12309430539608002
0.12040431052446365
0.10352931916713715
0.14253325760364532
0.1084684208035469
0.1045929566025734
0.16365335881710052
0.16295774281024933
0.09052558243274689
0.14080040156841278
0.1238173246383667
0.1528899371623993
0.147348552942276
0.15474018454551697
0.13835753500461578
0.1278495192527771
0.1595541536808014
0.15686210989952087
0.12554609775543213
0.14975352585315704
0.12759670615196228
0.12674395740032196
0.1338537037372589
0.16220690310001373
0.15705619752407074
0.1400921493768692
0.16493739187717438
0.14149826765060425
0.13778932392597198
0.14635182917118073
0.13272041082382202
0.1279091238975525
0.15587085485458374
0.11855641007423401
0.11714611947536469
0.12622806429862976
0.13378623127937317
0.12662912905216217
0.12790465354919434
0.10552072525024414
0.1355908066034317
0.15656162798404694
0.16047470271587372
0.11076018959283829
0.1459912210702896
0.15908628702163696
0.09608844667673111
0.12808604538440704
0.1300402581691742
0.1388491988182068
0.15448914468288422
0.10054430365562439
0.13241414725780487
0.10838451981544495
0.12625807523727417
0.12203565239906311
0.14105209708213806
0.14787352085113525
0.1616719514131546
0.14679411053657532
0.1550351083278656
0.14300745725631714
0.11695660650730133
0.1464347094297409
0.14304432272911072
0.15425781905651093
0.14532709121704102
0.11631707847118378
0.1371643990278244
0.09801632910966873
0.13048811256885529
0.13060355186462402
0.1274428516626358
0.10614071041345596
0.11058686673641205
0.1204979345202446
0.10867428034543991
0.12539681792259216
0.14426475763320923
0.12802338600158691
0.12840209901332855
0.14840616285800934
0.1051432266831398
0.10724466294050217
0.10151855647563934
0.10384710133075714
0.16081741452217102
0.13053050637245178
0.13530881702899933
0.134902685880661
0.16861914098262787
0.11092790961265564
0.14927731454372406
0.13486085832118988
0.12085458636283875
0.12325409054756165
0.16408197581768036
0.135930135846138
0.13261473178863525
0.17167282104492188
0.11225684732198715
0.13376587629318237
0.14189526438713074
0.17703622579574585
0.13665632903575897
0.12570323050022125
0.14333654940128326
0.13268132507801056
0.10535559058189392
0.13930895924568176
0.1532633751630783
0.13935938477516174
0.12743867933750153
0.14670681953430176
0.11016175150871277
0.12305906414985657
0.11826436966657639
0.12420514971017838
0.09889186918735504
0.15832971036434174
0.11106349527835846
0.12070932984352112
0.1484774500131607
0.14755094051361084
0.1506706327199936
0.14689677953720093
0.10516434907913208
0.12392865866422653
0.19626973569393158
0.1347273886203766
0.14256688952445984
0.11640079319477081
0.11629244685173035
0.13872087001800537
0.1260424256324768
0.12168074399232864
0.14440347254276276
0.12138326466083527
0.1283436119556427
0.1755146086215973
0.11260651051998138
0.09875181317329407
0.12033592164516449
0.12163898348808289
0.17869463562965393
0.147305428981781
0.16519156098365784
0.1149698942899704
0.11090245097875595
0.10238999873399734
0.10097602754831314
0.16561740636825562
0.16208301484584808
0.12586496770381927
0.12358049303293228
0.13367368280887604
0.10944622755050659
0.18534326553344727
0.14310932159423828
0.10618918389081955
0.13111522793769836
0.16086135804653168
0.1687871217727661
0.11143416166305542
0.10387440025806427
0.17626848816871643
0.16642054915428162
0.1331501305103302
0.11643756181001663
0.12678487598896027
0.08513695746660233
0.16995316743850708
0.1536397486925125
0.14373505115509033
0.13481147587299347
0.15332533419132233
0.17937690019607544
0.13136136531829834
0.15457667410373688
0.0796021819114685
0.15966683626174927
0.15397270023822784
0.15064217150211334
0.16459234058856964
0.17712941765785217
0.13192737102508545
0.1475786417722702
0.15213677287101746
0.09864076972007751
0.18913806974887848
0.14283733069896698
0.12100464105606079
0.1236768439412117
0.1531691998243332
0.15766984224319458
0.14977586269378662
0.14094161987304688
0.1448272168636322
0.1509944647550583
0.18002617359161377
0.13602042198181152
0.13601505756378174
0.13466693460941315
0.09573324769735336
0.11999984085559845
0.1451304405927658
0.13390271365642548
0.11699825525283813
0.15037615597248077
0.1469336748123169
0.13966822624206543
0.1421053558588028
0.14154672622680664
0.09540589153766632
0.2004104107618332
0.14571067690849304
0.13625279068946838
0.15400353074073792
0.11669013649225235
0.12208035588264465
0.14252789318561554
0.15342305600643158
0.16080433130264282
0.18321660161018372
0.14197446405887604
0.11932491511106491
0.10141481459140778
0.17715661227703094
0.09167967736721039
0.15105843544006348
0.11150461435317993
0.19851380586624146
0.16949614882469177
0.09451404213905334
0.163260355591774
0.1589321345090866
0.08804260939359665
0.1618688702583313
0.15087555348873138
0.07762947678565979
0.1644090712070465
0.13083267211914062
0.1263834536075592
0.14501400291919708
0.13608598709106445
0.144598126411438
0.1492314487695694
0.08841612935066223
0.1465291976928711
0.13312052190303802
0.14243395626544952
0.15542100369930267
0.12531577050685883
0.1546219438314438
0.17697051167488098
0.1826135665178299
0.15878328680992126
0.14617638289928436
0.10293368250131607
0.16932323575019836
0.08249808102846146
0.193007692694664
0.12107962369918823
0.11526676267385483
0.1309499591588974
0.12454782426357269
0.10705757886171341
0.13788330554962158
0.12819251418113708
0.17161349952220917
0.14019498229026794
0.1662445068359375
0.11679857969284058
0.1457911878824234
0.1594116985797882
0.10899260640144348
0.17046785354614258
0.14422295987606049
0.12271210551261902
0.15596161782741547
0.1528129279613495
0.15964341163635254
0.1637987196445465
0.14786238968372345
0.11595159024000168
0.14192470908164978
0.11313331872224808
0.1639547199010849
0.16629257798194885
0.1251693218946457
0.13450218737125397
0.12505461275577545
0.1268797516822815
0.13077467679977417
0.10638245940208435
0.1491440087556839
0.1327568143606186
0.13905146718025208
0.14164316654205322
0.14857549965381622
0.1354939192533493
0.14601081609725952
0.12034091353416443
0.13607904314994812
0.13576631247997284
0.1483868807554245
0.09631752967834473
0.10105625540018082
0.14184854924678802
0.08139987289905548
0.13135261833667755
0.11019974201917648
0.1061294674873352
0.16226330399513245
0.1605585217475891
0.16736319661140442
0.13258124887943268
0.1383896768093109
0.11435713618993759
0.15278759598731995
0.13073009252548218
0.13093845546245575
0.1298746019601822
0.11946647614240646
0.12892918288707733
0.15507028996944427
0.106331467628479
0.1635940968990326
0.14483042061328888
0.18034540116786957
0.08887409418821335
0.20771951973438263
0.18000048398971558
0.12223272025585175
0.12182227522134781
0.12452055513858795
0.18996483087539673
0.1425369679927826
0.16694214940071106
0.15856964886188507
0.1362808644771576
0.14996586740016937
0.14068087935447693
0.13952411711215973
0.11397483944892883
0.16506703197956085
0.11671797186136246
0.14000916481018066
0.15382103621959686
0.1094115749001503
0.15490750968456268
0.10724662989377975
0.11044083535671234
0.1280684471130371
0.15406009554862976
0.12753160297870636
0.13055285811424255
0.15285320580005646
0.10240580141544342
0.13285784423351288
0.12307824939489365
0.1061994880437851
0.1223684772849083
0.13376694917678833
0.12196028232574463
0.14419955015182495
0.18179558217525482
0.12665718793869019
0.1331857591867447
0.13499440252780914
0.1628207266330719
0.1105215847492218
0.1371753066778183
0.13531078398227692
0.12238560616970062
0.1147507056593895
0.13766050338745117
0.12678386270999908
0.17763656377792358
0.10776222497224808
0.14145344495773315
0.12637725472450256
0.18601833283901215
0.09726682305335999
0.1226527988910675
0.140855073928833
0.14299821853637695
0.09820926934480667
0.12841181457042694
0.1313258707523346
0.1834663450717926
0.13053672015666962
0.12483835965394974
0.1747576743364334
0.12390277534723282
0.19394539296627045
0.1289275586605072
0.18134541809558868
0.10045364499092102
0.11706554144620895
0.12497745454311371
0.19546596705913544
0.13568229973316193
0.1668848693370819
0.11521369218826294
0.13625968992710114
0.1182679831981659
0.13163568079471588
0.1452019065618515
0.1575457602739334
0.12162282317876816
0.13790276646614075
0.12293096631765366
0.1551763415336609
0.08802840113639832
0.1461019217967987
0.08426999300718307
0.12609834969043732
0.13799303770065308
0.11615899205207825
0.1539478600025177
0.11593406647443771
0.10985371470451355
0.0796407163143158
0.09266848117113113
0.11790645122528076
0.12964744865894318
0.11909574270248413
0.130540132522583
0.09317827969789505
0.1395440548658371
0.1461971551179886
0.11802458763122559
0.12517666816711426
0.17008404433727264
0.12189585715532303
0.12391310930252075
0.13190537691116333
0.1324353963136673
0.14858222007751465
0.16630057990550995
0.14018790423870087
0.16596370935440063
0.17664681375026703
0.13104405999183655
0.1602264791727066
0.13629679381847382
0.0893523171544075
0.11301177740097046
0.15325644612312317
0.10723857581615448
0.11576749384403229
0.09827042371034622
0.1368132084608078
0.18923132121562958
0.14165931940078735
0.1258484423160553
0.14863142371177673
0.1507728099822998
0.1584664136171341
0.1374719887971878
0.15201298892498016
0.1272229105234146
0.14497961103916168
0.10350802540779114
0.07651632279157639
0.09760855883359909
0.16840054094791412
0.11757733672857285
0.13559502363204956
0.14406102895736694
0.09952028840780258
0.09521552175283432
0.13673266768455505
0.1086931899189949
0.12136854231357574
0.12181101739406586
0.11518686264753342
0.14309926331043243
0.16499610245227814
0.11154505610466003
0.1275167167186737
0.09936276078224182
0.12328845262527466
0.12611252069473267
0.12134818732738495
0.09946346282958984
0.12061645835638046
0.15991266071796417
0.19058820605278015
0.1153559610247612
0.1431920826435089
0.14892253279685974
0.09251941740512848
0.1480756551027298
0.1371038258075714
0.1310502141714096
0.12107148766517639
0.14211620390415192
0.11846071481704712
0.1559387445449829
0.09710469096899033
0.17274290323257446
0.1502041071653366
0.10604351758956909
0.1667085736989975
0.10063307732343674
0.14517264068126678
0.1220497265458107
0.142000213265419
0.10981697589159012
0.13513630628585815
0.13554131984710693
0.06187775731086731
0.10094883292913437
0.11401703953742981
0.15467672049999237
0.10246232151985168
0.12006489932537079
0.10626738518476486
0.15160521864891052
0.13375674188137054
0.13101108372211456
0.08720514178276062
0.14208728075027466
0.07134627550840378
0.10349242389202118
0.14564895629882812
0.12978868186473846
0.0934595912694931
0.09369109570980072
0.13594409823417664
0.10728582739830017
0.11734449118375778
0.08111134171485901
0.18297068774700165
0.1361244171857834
0.09159016609191895
0.13128596544265747
0.1436445266008377
0.12665824592113495
0.08901497721672058
0.08189315348863602
0.12204727530479431
0.10899171233177185
0.10667260736227036
0.16527479887008667
0.10715238749980927
0.20017006993293762
0.19114017486572266
0.1385115385055542
0.1800822615623474
0.11842384189367294
0.16515493392944336
0.1343967467546463
0.12005005776882172
0.12066319584846497
0.11179559677839279
0.14374418556690216
0.17163370549678802
0.14360249042510986
0.11229176819324493
0.10395818948745728
0.14046889543533325
0.12962035834789276
0.14898648858070374
0.1367252767086029
0.13963034749031067
0.11449945718050003
0.06908880919218063
0.13973446190357208
0.1292029768228531
0.1313273012638092
0.11423839628696442
0.1014995202422142
0.12143230438232422
0.12095140665769577
0.16842786967754364
0.15823087096214294
0.19420543313026428
0.12870852649211884
0.18791575729846954
0.14938564598560333
0.09889860451221466
0.13288317620754242
0.12010226398706436
0.11760358512401581
0.11850844323635101
0.1021830141544342
0.14629508554935455
0.19583375751972198
0.11546068638563156
0.1806849092245102
0.09961584210395813
0.16867607831954956
0.17417432367801666
0.11200352758169174
0.16068056225776672
0.1469675749540329
0.07067655026912689
0.15108713507652283
0.17950786650180817
0.0902879387140274
0.14225931465625763
0.15573829412460327
0.1731337308883667
0.15983760356903076
0.09958402067422867
0.06989382207393646
0.1401316523551941
0.13105180859565735
0.14025335013866425
0.13820217549800873
0.1287538856267929
0.17286355793476105
0.12616081535816193
0.14088942110538483
0.12518584728240967
0.12409869581460953
0.1223066970705986
0.17995841801166534
0.1353149116039276
0.12019499391317368
0.19104215502738953
0.17212706804275513
0.1164320781826973
0.10495532304048538
0.14222250878810883
0.1706010401248932
0.10764029622077942
0.16677504777908325
0.13867703080177307
0.14882317185401917
0.1298733949661255
0.1461082398891449
0.10866784304380417
0.12542223930358887
0.1697188913822174
0.10578718781471252
0.12135753780603409
0.1194666177034378
0.11421960592269897
0.17092002928256989
0.11661364138126373
0.11777202039957047
0.13347740471363068
0.10311374068260193
0.13210994005203247
0.18497146666049957
0.09187296777963638
0.07550223171710968
0.10932498425245285
0.17408116161823273
0.15512597560882568
0.16327859461307526
0.1299331933259964
0.1550588756799698
0.14742079377174377
0.16123758256435394
0.1252797544002533
0.1115170493721962
0.1652815341949463
0.13453622162342072
0.14915214478969574
0.14389315247535706
0.1203756257891655
0.12579487264156342
0.15171056985855103
0.14671580493450165
0.20657779276371002
0.13407547771930695
0.12278394401073456
0.15097296237945557
0.09647335112094879
0.13556000590324402
0.20322586596012115
0.15391488373279572
0.10211076587438583
0.13457638025283813
0.18885758519172668
0.11425307393074036
0.16441580653190613
0.14504562318325043
0.1580870896577835
0.10763385146856308
0.12270087748765945
0.1249353289604187
0.11108158528804779
0.13486796617507935
0.20365561544895172
0.1592753380537033
0.14068013429641724
0.1471899151802063
0.12655869126319885
0.12771281599998474
0.14701156318187714
0.1615893840789795
0.1270485669374466
0.09853917360305786
0.14579898118972778
0.14111317694187164
0.16051633656024933
0.1382300704717636
0.153810515999794
0.10794775933027267
0.15852434933185577
0.17303334176540375
0.13006919622421265
0.15108634531497955
0.2180454134941101
0.1382729560136795
0.18644770979881287
0.1387777030467987
0.10563769936561584
0.10618536174297333
0.12224533408880234
0.11489307135343552
0.12409485876560211
0.10172460973262787
0.2380533367395401
0.12781760096549988
0.15216659009456635
0.1700384020805359
0.09092438966035843
0.12041784822940826
0.116347536444664
0.1476527601480484
0.14177317917346954
0.1561521589756012
0.14802952110767365
0.16418011486530304
0.06754941493272781
0.183589369058609
0.1788274645805359
0.07174396514892578
0.12819571793079376
0.15455412864685059
0.1269032061100006
0.15892264246940613
0.11370160430669785
0.1291361004114151
0.1188398152589798
0.06710486859083176
0.14205922186374664
0.13269898295402527
0.10794427245855331
0.1005990281701088
0.13896434009075165
0.0843672901391983
0.14148294925689697
0.07817357033491135
0.13631436228752136
0.1826278567314148
0.14776663482189178
0.17868632078170776
0.12659025192260742
0.1535932421684265
0.2204030603170395
0.1181984394788742
0.08194828778505325
0.11118568480014801
0.15463104844093323
0.1305343210697174
0.12347958236932755
0.1587211787700653
0.19593916833400726
0.09582222998142242
0.1371246576309204
0.136609748005867
0.17423729598522186
0.1947392225265503
0.15628118813037872
0.12668345868587494
0.0826067328453064
0.18502895534038544
0.10258403420448303
0.1629064381122589
0.09908993542194366
0.12458640336990356
0.15776567161083221
0.12335944920778275
0.1314142793416977
0.1364172101020813
0.12701010704040527
0.1318632811307907
0.13196603953838348
0.1461571902036667
0.1481437385082245
0.12663471698760986
0.11102930456399918
0.11958016455173492
0.16408535838127136
0.13100843131542206
0.1590469479560852
0.1622999757528305
0.13112875819206238
0.0936555415391922
0.11432448774576187
0.1592179834842682
0.14232586324214935
0.14286895096302032
0.1297088861465454
0.13268856704235077
0.19041228294372559
0.09590375423431396
0.07474378496408463
0.12195546925067902
0.12045089155435562
0.10839959979057312
0.12792867422103882
0.17871646583080292
0.10756056010723114
0.06934408843517303
0.10941311717033386
0.16092213988304138
0.0901765376329422
0.1480206400156021
0.11213662475347519
0.15870849788188934
0.15914182364940643
0.22044463455677032
0.11473951488733292
0.11992068588733673
0.10778991132974625
0.191817045211792
0.1411432921886444
0.0903543084859848
0.10256171226501465
0.08536562323570251
0.09150290489196777
0.15840181708335876
0.12000958621501923
0.11686365306377411
0.20264583826065063
0.19230826199054718
0.1188213974237442
0.1958150863647461
0.165591299533844
0.16540586948394775
0.13782617449760437
0.1487126648426056
0.08936282247304916
0.1386936753988266
0.14816050231456757
0.1825699806213379
0.17811885476112366
0.1715438812971115
0.12060286104679108
0.1103719100356102
0.17039789259433746
0.1413579136133194
0.09629369527101517
0.16073109209537506
0.12990319728851318
0.12602537870407104
0.13616132736206055
0.19157277047634125
0.13969217240810394
0.09998913109302521
0.08590972423553467
0.13804064691066742
0.11883463710546494
0.10951115190982819
0.08717240393161774
0.16297587752342224
0.11037884652614594
0.07541075348854065
0.22350814938545227
0.15072189271450043
0.1540403962135315
0.08522655814886093
0.20568019151687622
0.09952656924724579
0.14647939801216125
0.12212815135717392
0.12372072041034698
0.10780425369739532
0.13793687522411346
0.16002245247364044
0.07725519686937332
0.09739755839109421
0.11291476339101791
0.10632847994565964
0.1694699078798294
0.1693916618824005
0.16246598958969116
0.16480161249637604
0.14028148353099823
0.14834731817245483
0.1687222421169281
0.11454985290765762
0.1508118361234665
0.16411960124969482
0.13950428366661072
0.10202471166849136
0.12912452220916748
0.09377843141555786
0.1746532917022705
0.11033112555742264
0.08804173767566681
0.13908852636814117
0.14462241530418396
0.1826850026845932
0.13514631986618042
0.18286468088626862
0.10881678760051727
0.1633983850479126
0.14033745229244232
0.07541177421808243
0.09971830993890762
0.13430635631084442
0.13178780674934387
0.10025536268949509
0.13293695449829102
0.10112214088439941
0.1090686246752739
0.18509086966514587
0.10194221884012222
0.10921189934015274
0.20409061014652252
0.11478637903928757
0.1982065886259079
0.12850935757160187
0.132361501455307
0.11533290147781372
0.1450457125902176
0.20624563097953796
0.07885811477899551
0.0992262214422226
0.07744269073009491
0.11142489314079285
0.15070326626300812
0.1249227449297905
0.14705902338027954
0.18213428556919098
0.1621076464653015
0.13832417130470276
0.16414444148540497
0.1420907974243164
0.21971234679222107
0.15271443128585815
0.11960917711257935
0.16782379150390625
0.1306983232498169
0.14308802783489227
0.08807341009378433
0.16091136634349823
0.16777563095092773
0.11892925202846527
0.2110423445701599
0.09918995201587677
0.12304836511611938
0.1460256576538086
0.1223694384098053
0.11085415631532669
0.08612120151519775
0.12011997401714325
0.14492852985858917
0.11696822941303253
0.15173029899597168
0.13152755796909332
0.1747083067893982
0.14023186266422272
0.1545427441596985
0.19482699036598206
0.07965345680713654
0.12241248041391373
0.12068472802639008
0.09700606018304825
0.1902552843093872
0.11059273779392242
0.10772456973791122
0.1234593614935875
0.19340765476226807
0.0990542620420456
0.1105065569281578
0.15026767551898956
0.12208514660596848
0.16251465678215027
0.1221601739525795
0.0907834991812706
0.12369345873594284
0.16153916716575623
0.10083934664726257
0.17594529688358307
0.07810942828655243
0.10180161893367767
0.14399828016757965
0.11461608111858368
0.15309886634349823
0.120759017765522
0.12242544442415237
0.1280667781829834
0.13454657793045044
0.1518045961856842
0.1881778985261917
0.13063916563987732
0.1272410899400711
0.15405182540416718
0.10680613666772842
0.1270197033882141
0.11969833076000214
0.13464494049549103
0.1174064502120018
0.13299348950386047
0.18078120052814484
0.1610487550497055
0.14788849651813507
0.1777205616235733
0.1476244479417801
0.1476636677980423
0.07187402248382568
0.14219780266284943
0.11585186421871185
0.15704235434532166
0.16666486859321594
0.16266308724880219
0.16163386404514313
0.15295937657356262
0.18267683684825897
0.2101297825574875
0.21167902648448944
0.1275567263364792
0.12443410605192184
0.1673910915851593
0.12288518995046616
0.11413963884115219
0.10400329530239105
0.23835332691669464
0.13332585990428925
0.10131262242794037
0.17812535166740417
0.17787635326385498
0.11433686316013336
0.11091422289609909
0.1116447001695633
0.12308047711849213
0.1264762133359909
0.1550661027431488
0.10441234707832336
0.12972405552864075
0.08223788440227509
0.1475103348493576
0.12892286479473114
0.10381222516298294
0.12067904323339462
0.06990009546279907
0.19283950328826904
0.1799023449420929
0.14823660254478455
0.24828369915485382
0.16715216636657715
0.1393543928861618
0.16854427754878998
0.14559873938560486
0.13850440084934235
0.09386544674634933
0.13730163872241974
0.11235705018043518
0.20085713267326355
0.11860699951648712
0.14657962322235107
0.1586609184741974
0.13708245754241943
0.13592514395713806
0.10667172074317932
0.1513841599225998
0.11536432057619095
0.15197207033634186
0.14123180508613586
0.1216995045542717
0.1585460901260376
0.16729187965393066
0.11367438733577728
0.163191556930542
0.21521300077438354
0.1573163866996765
0.1313277631998062
0.11324604600667953
0.19548113644123077
0.17182686924934387
0.13605543971061707
0.15516552329063416
0.10428815335035324
0.09019986540079117
0.17356117069721222
0.1380159556865692
0.10514391958713531
0.2154025435447693
0.12524399161338806
0.1611529290676117
0.13246603310108185
0.14208362996578217
0.10361671447753906
0.16776913404464722
0.15704084932804108
0.21178781986236572
0.19667525589466095
0.16983315348625183
0.136622354388237
0.14380553364753723
0.21020738780498505
0.18174615502357483
0.06897594034671783
0.14798638224601746
0.1401021033525467
0.09216457605361938
0.11176523566246033
0.17666952311992645
0.06944590061903
0.15020374953746796
0.10134905576705933
0.18264272809028625
0.15560007095336914
0.12787668406963348
0.13437321782112122
0.07968584448099136
0.1674504578113556
0.15613418817520142
0.23863446712493896
0.2013065069913864
0.11751818656921387
0.11541923135519028
0.12534640729427338
0.18340329825878143
0.19291286170482635
0.13754785060882568
0.1461734026670456
0.1748802363872528
0.10287139564752579
0.09038558602333069
0.14805781841278076
0.13535773754119873
0.12412413954734802
0.13589726388454437
0.15356215834617615
0.1811859905719757
0.1364666074514389
0.15033790469169617
0.09171537309885025
0.16766588389873505
0.12991073727607727
0.09113940596580505
0.15701889991760254
0.11318212747573853
0.09946226328611374
0.10300330817699432
0.12315534055233002
0.19462400674819946
0.09351658821105957
0.12477286159992218
0.09138306975364685
0.23326292634010315
0.2021060287952423
0.12745441496372223
0.13497045636177063
0.1778361201286316
0.10540367662906647
0.1471167355775833
0.12434454262256622
0.1843711882829666
0.19671128690242767
0.14772452414035797
0.21934866905212402
0.12967059016227722
0.15841194987297058
0.16238559782505035
0.16841831803321838
0.19810493290424347
0.13892391324043274
0.14191834628582
0.15120741724967957
0.17144526541233063
0.17954818904399872
0.11705958098173141
0.1040128618478775
0.13003088533878326
0.13915404677391052
0.21494197845458984
0.19822603464126587
0.17320966720581055
0.1707756072282791
0.14054656028747559
0.14144763350486755
0.19161903858184814
0.17209921777248383
0.1711123138666153
0.2523847818374634
0.15811409056186676
0.15937593579292297
0.17577791213989258
0.15545786917209625
0.18979349732398987
0.12737113237380981
0.1417180299758911
0.19317160546779633
0.13342155516147614
0.15176624059677124
0.1667782962322235
0.1046271100640297
0.11764445900917053
0.16087137162685394
0.15135826170444489
0.20927442610263824
0.2389267385005951
0.1619682013988495
0.165218785405159
0.1259421855211258
0.14956697821617126
0.17210833728313446
0.15692348778247833
0.1389896273612976
0.16934332251548767
0.11551393568515778
0.13772568106651306
0.16841569542884827
0.08074060827493668
0.12212538719177246
0.1758948266506195
0.162756085395813
0.10765482485294342
0.09238690137863159
0.19373519718647003
0.1827927529811859
0.12761709094047546
0.09503426402807236
0.16006910800933838
0.14416655898094177
0.08804929256439209
0.11248242855072021
0.128730908036232
0.14612478017807007
0.17516741156578064
0.15772226452827454
0.06820043176412582
0.15633882582187653
0.13789373636245728
0.20380666851997375
0.18138623237609863
0.16527865827083588
0.14385680854320526
0.12626877427101135
0.07236950099468231
0.13481852412223816
0.18572165071964264
0.1447676718235016
0.1685483157634735
0.16592088341712952
0.19080667197704315
0.1508338451385498
0.09389028698205948
0.18492943048477173
0.06323746591806412
0.12521110475063324
0.20713657140731812
0.14724181592464447
0.15272463858127594
0.15612567961215973
0.1658637523651123
0.1632336974143982
0.13005179166793823
0.14307475090026855
0.10665613412857056
0.18752816319465637
0.20717331767082214
0.07062385976314545
0.1290225237607956
0.14558641612529755
0.13099947571754456
0.17512530088424683
0.13284623622894287
0.1017751395702362
0.15951518714427948
0.21811456978321075
0.09177428483963013
0.15569491684436798
0.15783797204494476
0.19075115025043488
0.1668035238981247
0.17431829869747162
0.20393961668014526
0.1668642908334732
0.18357226252555847
0.11836820095777512
0.13885846734046936
0.13194316625595093
0.1775769144296646
0.15166158974170685
0.13734082877635956
0.14898328483104706
0.2086409479379654
0.17542162537574768
0.11828190833330154
0.17921693623065948
0.17062778770923615
0.14498692750930786
0.14360208809375763
0.1456729620695114
0.14260435104370117
0.1566147357225418
0.1481391191482544
0.1554681658744812
0.22795899212360382
0.2639526128768921
0.11457882821559906
0.10335250943899155
0.1554383486509323
0.13083240389823914
0.15438240766525269
0.14233741164207458
0.0952429249882698
0.12028132379055023
0.17027482390403748
0.14796093106269836
0.167377308011055
0.12541620433330536
0.13482815027236938
0.07218162715435028
0.12876081466674805
0.1800483614206314
0.1422823816537857
0.1835605651140213
0.16167736053466797
0.17991891503334045
0.15531356632709503
0.171487495303154
0.13899476826190948
0.1604701727628708
0.17518813908100128
0.1578497737646103
0.123783178627491
0.15827780961990356
0.18843349814414978
0.12174554169178009
0.1678134649991989
0.1696544587612152
0.15181995928287506
0.13751915097236633
0.18948139250278473
0.18847034871578217
0.14234749972820282
0.1107751727104187
0.25438192486763
0.09064393490552902
0.17317219078540802
0.18644371628761292
0.14404438436031342
0.1942533701658249
0.09712644666433334
0.12929418683052063
0.1382593959569931
0.14548781514167786
0.21905136108398438
0.1252160221338272
0.15797284245491028
0.1747286170721054
0.13463808596134186
0.17621512711048126
0.18914742767810822
0.14856427907943726
0.18979649245738983
0.1698942333459854
0.15550410747528076
0.1839648187160492
0.1534452885389328
0.16650161147117615
0.13732565939426422
0.14726853370666504
0.211847722530365
0.1444200724363327
0.18298247456550598
0.20066411793231964
0.14586904644966125
0.16877757012844086
0.16964563727378845
0.16742634773254395
0.24550674855709076
0.18583355844020844
0.15025082230567932
0.1281137317419052
0.23710846900939941
0.16337743401527405
0.16548661887645721
0.12156232446432114
0.147645965218544
0.0883307158946991
0.11284352838993073
0.17466837167739868
0.14172950387001038
0.19877631962299347
0.11871153116226196
0.19216567277908325
0.21443434059619904
0.15717549622058868
0.15616105496883392
0.17331062257289886
0.14614243805408478
0.18506856262683868
0.1430380642414093
0.17255355417728424
0.171600803732872
0.21618004143238068
0.18006092309951782
0.20585162937641144
0.18690206110477448
0.1387009620666504
0.1415170580148697
0.11587733030319214
0.1345404088497162
0.12668098509311676
0.21516694128513336
0.20782814919948578
0.15303125977516174
0.16865670680999756
0.19521433115005493
0.17984415590763092
0.2053009569644928
0.20416542887687683
0.16464951634407043
0.13030439615249634
0.18109920620918274
0.1693754643201828
0.21189622581005096
0.1556008756160736
0.1450771540403366
0.15509209036827087
0.20543034374713898
0.1628044694662094
0.1683633178472519
0.13139484822750092
0.23130148649215698
0.2334873080253601
0.16899709403514862
0.17511636018753052
0.1574837565422058
0.17944087088108063
0.10485716909170151
0.2728886604309082
0.12391512095928192
0.16012819111347198
0.1692599207162857
0.18973451852798462
0.1879016011953354
0.1320117861032486
0.137114480137825
0.15250925719738007
0.07460186630487442
0.19532352685928345
0.16843776404857635
0.16434890031814575
0.14474977552890778
0.16047541797161102
0.12532678246498108
0.11364400386810303
0.12057364732027054
0.20747704803943634
0.12016215920448303
0.14685888588428497
0.17588771879673004
0.12781444191932678
0.18131282925605774
0.17655278742313385
0.18683555722236633
0.14145702123641968
0.19269487261772156
0.17999708652496338
0.1566450595855713
0.14115911722183228
0.14425894618034363
0.20275680720806122
0.15512891113758087
0.17137031257152557
0.1386633813381195
0.132267564535141
0.1302245557308197
0.1955152302980423
0.16602760553359985
0.19472752511501312
0.18132534623146057
0.16743063926696777
0.16914501786231995
0.17168553173542023
0.1809989959001541
0.24444591999053955
0.17561423778533936
0.12048932164907455
0.1985187828540802
0.13952499628067017
0.18472935259342194
0.09433572739362717
0.1672440469264984
0.19053682684898376
0.09415841847658157
0.1068730279803276
0.11208658665418625
0.1854148507118225
0.1586516797542572
0.1113867536187172
0.22543495893478394
0.1465328484773636
0.11110635101795197
0.1818327158689499
0.1649567037820816
0.1737978607416153
0.18534287810325623
0.17034964263439178
0.13586165010929108
0.1270667016506195
0.16430675983428955
0.12852691113948822
0.15985043346881866
0.19235680997371674
0.15766511857509613
0.1431562900543213
0.15302683413028717
0.12568162381649017
0.19279880821704865
0.16243930160999298
0.14079561829566956
0.18472443521022797
0.22553174197673798
0.12915970385074615
0.1750294715166092
0.21242764592170715
0.14898820221424103
0.14047621190547943
0.1972362995147705
0.1986774355173111
0.16482557356357574
0.12133075296878815
0.16027788817882538
0.1963527947664261
0.11959290504455566
0.13613852858543396
0.15681339800357819
0.16740424931049347
0.16285522282123566
0.13315646350383759
0.170118510723114
0.18212494254112244
0.1269165426492691
0.1784076690673828
0.18676351010799408
0.16526511311531067
0.20456524193286896
0.1503334939479828
0.10548415035009384
0.1249997690320015
0.18655699491500854
0.1537141501903534
0.1528681516647339
0.11906971782445908
0.12099278718233109
0.1325644552707672
0.15398459136486053
0.13919216394424438
0.20116963982582092
0.15861745178699493
0.19865106046199799
0.08925378322601318
0.13487419486045837
0.1455606371164322
0.12288004904985428
0.15286435186862946
0.15712833404541016
0.13419203460216522
0.13389751315116882
0.08527860790491104
0.19286160171031952
0.1355360448360443
0.14346973598003387
0.18222764134407043
0.1592087596654892
0.2227359116077423
0.14441025257110596
0.122666135430336
0.16734720766544342
0.1374349594116211
0.18535515666007996
0.16000989079475403
0.16848742961883545
0.14490291476249695
0.12520459294319153
0.1987115740776062
0.16454516351222992
0.14219243824481964
0.18902596831321716
0.08681707084178925
0.15961766242980957
0.14793814718723297
0.15107491612434387
0.1424548476934433
0.13150830566883087
0.1351916640996933
0.13945570588111877
0.1662403792142868
0.16391634941101074
0.12828725576400757
0.14045067131519318
0.10429555177688599
0.17732898890972137
0.14057591557502747
0.11304396390914917
0.12491164356470108
0.16219760477542877
0.1297970563173294
0.13820981979370117
0.15524765849113464
0.15410812199115753
0.10632777214050293
0.1995631903409958
0.16410644352436066
0.16874895989894867
0.1413005292415619
0.17238394916057587
0.1633138805627823
0.14192605018615723
0.18603867292404175
0.12386052310466766
0.11847727000713348
0.17087873816490173
0.18778949975967407
0.15158958733081818
0.11713886260986328
0.1376035362482071
0.08814142644405365
0.1759686917066574
0.1281685084104538
0.18800926208496094
0.22378882765769958
0.10888587683439255
0.1894485354423523
0.10763834416866302
0.1531475931406021
0.09542391449213028
0.1724538952112198
0.15915080904960632
0.14315980672836304
0.12814675271511078
0.1432359516620636
0.20216050744056702
0.16854748129844666
0.13559235632419586
0.10742155462503433
0.09602721780538559
0.14529481530189514
0.14592419564723969
0.1433480829000473
0.17205274105072021
0.19523286819458008
0.1694568246603012
0.11211967468261719
0.1750832051038742
0.13310161232948303
0.1290483921766281
0.13214141130447388
0.14875611662864685
0.16858752071857452
0.13623692095279694
0.16391339898109436
0.18261604011058807
0.11017214506864548
0.14664959907531738
0.14275604486465454
0.19173121452331543
0.14973768591880798
0.11797261238098145
0.15252900123596191
0.1944189965724945
0.18370148539543152
0.14731091260910034
0.1465805619955063
0.13365072011947632
0.08632465451955795
0.16353999078273773
0.15302537381649017
0.16846829652786255
0.1014041006565094
0.1869426667690277
0.20998553931713104
0.1376250684261322
0.14081433415412903
0.11764606088399887
0.14427965879440308
0.1589253544807434
0.11816658079624176
0.12443654239177704
0.15376435220241547
0.11130833625793457
0.14085808396339417
0.13058343529701233
0.1772717535495758
0.163657084107399
0.10777272284030914
0.15476453304290771
0.17647050321102142
0.14669209718704224
0.1709357500076294
0.11736716330051422
0.10753921419382095
0.08570317178964615
0.15301978588104248
0.10236835479736328
0.18677304685115814
0.1201673075556755
0.19095775485038757
0.13465987145900726
0.12176942080259323
0.14530058205127716
0.10703235119581223
0.1401112973690033
0.18667693436145782
0.1837489902973175
0.15681059658527374
0.12027455121278763
0.11406871676445007
0.14285267889499664
0.10296766459941864
0.12834984064102173
0.11683671176433563
0.1522579938173294
0.18648086488246918
0.13644495606422424
0.12623976171016693
0.15251365303993225
0.12616972625255585
0.13085317611694336
0.12970878183841705
0.11969897896051407
0.16102483868598938
0.11977613717317581
0.14286933839321136
0.08421136438846588
0.10557693243026733
0.13386937975883484
0.13069038093090057
0.16925711929798126
0.12073930352926254
0.17958655953407288
0.12833857536315918
0.13812151551246643
0.16998286545276642
0.11013805866241455
0.17128272354602814
0.14576958119869232
0.1291314661502838
0.1678132563829422
0.10766593366861343
0.12289316952228546
0.14323994517326355
0.12925748527050018
0.10777600109577179
0.2363099902868271
0.13450124859809875
0.1562143862247467
0.1558580994606018
0.13961176574230194
0.10188740491867065
0.13439813256263733
0.11043127626180649
0.10543075948953629
0.17066596448421478
0.12290675193071365
0.09166854619979858
0.13633175194263458
0.16335710883140564
0.1669432371854782
0.13840672373771667
0.11400753259658813
0.13228464126586914
0.13523522019386292
0.11075183004140854
0.128156840801239
0.1704791784286499
0.1377992033958435
0.13523824512958527
0.18694326281547546
0.19049963355064392
0.09156613051891327
0.1583046019077301
0.1455366611480713
0.1793467402458191
0.16696122288703918
0.1479332000017166
0.1034565269947052
0.11734940111637115
0.1392006278038025
0.14744798839092255
0.09008569270372391
0.1673847734928131
0.16695350408554077
0.10459775477647781
0.13033276796340942
0.1616726815700531
0.1403506100177765
0.12821973860263824
0.1960212141275406
0.11681190133094788
0.11502683907747269
0.11837146431207657
0.15239332616329193
0.14983856678009033
0.11092861741781235
0.13228586316108704
0.11688543856143951
0.0692611038684845
0.12917613983154297
0.1236206665635109
0.13346323370933533
0.13268563151359558
0.16463316977024078
0.11121018975973129
0.08347347378730774
0.1292824000120163
0.14861562848091125
0.13923008739948273
0.13027028739452362
0.15169580280780792
0.12212811410427094
0.12564651668071747
0.12748035788536072
0.13200820982456207
0.13638915121555328
0.1101139634847641
0.09303029626607895
0.13466106355190277
0.18806952238082886
0.12008672952651978
0.15411876142024994
0.13626699149608612
0.19712550938129425
0.14780499041080475
0.15488682687282562
0.11694176495075226
0.11657281965017319
0.1492571085691452
0.13582724332809448
0.12547095119953156
0.12082406133413315
0.125437930226326
0.15767031908035278
0.13839055597782135
0.1574539691209793
0.12690375745296478
0.09213477373123169
0.1275448352098465
0.1937337964773178
0.12725162506103516
0.14039024710655212
0.12609775364398956
0.1396108865737915
0.14362382888793945
0.14588433504104614
0.10610844939947128
0.10183854401111603
0.12409359961748123
0.12711025774478912
0.17351055145263672
0.12063208222389221
0.10972897708415985
0.15926389396190643
0.11795943230390549
0.17526759207248688
0.14005962014198303
0.15574881434440613
0.2043531984090805
0.13080692291259766
0.11333893984556198
0.10920938104391098
0.11911629140377045
0.11029105633497238
0.1578834056854248
0.1439855992794037
0.16898098587989807
0.1300548017024994
0.14159266650676727
0.14821705222129822
0.12084674090147018
0.12888723611831665
0.15278904139995575
0.11012014746665955
0.13155017793178558
0.07591190934181213
0.18630453944206238
0.12659455835819244
0.13581177592277527
0.15736328065395355
0.17161166667938232
0.1531674563884735
0.152703195810318
0.12683150172233582
0.13610324263572693
0.12600548565387726
0.1292613446712494
0.1403716504573822
0.14943277835845947
0.11290083825588226
0.13755404949188232
0.13886307179927826
0.11997024714946747
0.15702883899211884
0.13045954704284668
0.14545245468616486
0.1372060924768448
0.1522243618965149
0.1158202737569809
0.11569160968065262
0.1310187429189682
0.1028023511171341
0.1244007796049118
0.173932284116745
0.16092415153980255
0.1348094344139099
0.12391290813684464
0.15139466524124146
0.1188027411699295
0.1360958069562912
0.13843436539173126
0.10194175690412521
0.10494406521320343
0.14103388786315918
0.10635446757078171
0.13136103749275208
0.13538427650928497
0.10280665010213852
0.11834362149238586
0.10687582194805145
0.1283254325389862
0.12367507815361023
0.13086053729057312
0.1446753591299057
0.14392651617527008
0.09383450448513031
0.11602766811847687
0.09145761281251907
0.13037808239459991
0.07242485880851746
0.15421776473522186
0.15665137767791748
0.161098450422287
0.12131290882825851
0.11579736322164536
0.1275392323732376
0.12369589507579803
0.1187124103307724
0.16806668043136597
0.11412415653467178
0.12721580266952515
0.12038178741931915
0.15025687217712402
0.12484713643789291
0.15998443961143494
0.1631595641374588
0.17419397830963135
0.132834330201149
0.134235218167305
0.16296467185020447
0.11630797386169434
0.17924952507019043
0.11947327852249146
0.14304883778095245
0.12313179671764374
0.12166867405176163
0.16535446047782898
0.1925669014453888
0.12632796168327332
0.18879647552967072
0.15437407791614532
0.13161081075668335
0.08322740346193314
0.15471799671649933
0.14388658106327057
0.18018436431884766
0.11736764013767242
0.17817965149879456
0.1539534479379654
0.1403888612985611
0.12022773921489716
0.14425688982009888
0.13785859942436218
0.11482509970664978
0.11289750784635544
0.16663648188114166
0.13286525011062622
0.16172443330287933
0.13311795890331268
0.11371330171823502
0.12091558426618576
0.12496210634708405
0.16339614987373352
0.11016204953193665
0.10336840152740479
0.13784676790237427
0.11826728284358978
0.12183809280395508
0.12884292006492615
0.16645710170269012
0.10574459284543991
0.1390874683856964
0.17216429114341736
0.15565353631973267
0.17351995408535004
0.08900082856416702
0.11759675294160843
0.1108541488647461
0.15448732674121857
0.13799503445625305
0.16104024648666382
0.13101546466350555
0.12878693640232086
0.10901334136724472
0.13354459404945374
0.11407182365655899
0.1273890882730484
0.11473791301250458
0.11636804789304733
0.1364145278930664
0.10165397077798843
0.14341938495635986
0.09782006591558456
0.1774500459432602
0.09368482232093811
0.12034672498703003
0.17423270642757416
0.1329052746295929
0.13269710540771484
0.12462624162435532
0.18898935616016388
0.1307995468378067
0.1179601326584816
0.14327695965766907
0.15238314867019653
0.14936165511608124
0.17179840803146362
0.15132711827754974
0.19596241414546967
0.11764714121818542
0.08575287461280823
0.11812734603881836
0.13190245628356934
0.12521667778491974
0.11884450912475586
0.10668759047985077
0.09219951927661896
0.1470910906791687
0.1346329003572464
0.1759672909975052
0.14231052994728088
0.13626977801322937
0.15389668941497803
0.12185132503509521
0.11755276471376419
0.13042695820331573
0.13124507665634155
0.10889829695224762
0.1124708503484726
0.10432329773902893
0.18027076125144958
0.17755553126335144
0.115997813642025
0.15055464208126068
0.08189629763364792
0.12921810150146484
0.144666388630867
0.14238537847995758
0.12037577480077744
0.1326562613248825
0.11030814051628113
0.13017460703849792
0.14001516997814178
0.14410756528377533
0.14274346828460693
0.1164502426981926
0.12172979861497879
0.14510604739189148
0.16448727250099182
0.1319413185119629
0.12805722653865814
0.1580963283777237
0.14347118139266968
0.10359200835227966
0.1374041736125946
0.1588248312473297
0.16694395244121552
0.10070979595184326
0.12893618643283844
0.1405121237039566
0.10213587433099747
0.133367121219635
0.15482710301876068
0.13022740185260773
0.13252970576286316
0.12774929404258728
0.18956878781318665
0.13432644307613373
0.13130661845207214
0.12085676193237305
0.14378248155117035
0.12665341794490814
0.1498120278120041
0.13201358914375305
0.15758925676345825
0.12958040833473206
0.11038458347320557
0.16895370185375214
0.13777051866054535
0.17177076637744904
0.1343764364719391
0.14554046094417572
0.13610273599624634
0.15297868847846985
0.11520867049694061
0.1422508955001831
0.12802597880363464
0.12617141008377075
0.1431427001953125
0.13950690627098083
0.18281088769435883
0.11950480192899704
0.1534467488527298
0.14998891949653625
0.14340057969093323
0.10059493780136108
0.11450760066509247
0.13511185348033905
0.16274712979793549
0.14888852834701538
0.14380931854248047
0.14728529751300812
0.08850972354412079
0.10723122209310532
0.17551769316196442
0.1351432204246521
0.14487773180007935
0.11141954362392426
0.1245209351181984
0.13780392706394196
0.17678484320640564
0.13643032312393188
0.16189546883106232
0.12864474952220917
0.16475535929203033
0.16132782399654388
0.1642111837863922
0.13663679361343384
0.1626228243112564
0.1282278597354889
0.15745387971401215
0.14436288177967072
0.14621268212795258
0.14542418718338013
0.10373923182487488
0.1235228106379509
0.1766720712184906
0.13572685420513153
0.12421084940433502
0.1133168637752533
0.13617828488349915
0.15846973657608032
0.16293083131313324
0.14982129633426666
0.14545688033103943
0.14456844329833984
0.11237364262342453
0.12200368940830231
0.1012764647603035
0.13216754794120789
0.10705363750457764
0.11463434249162674
0.16263428330421448
0.1621289998292923
0.10376062989234924
0.12098561972379684
0.1251048594713211
0.19968587160110474
0.12406253814697266
0.1475711613893509
0.10291603207588196
0.18083859980106354
0.1282605677843094
0.15165548026561737
0.12876605987548828
0.13459402322769165
0.2118055820465088
0.14013278484344482
0.12853269279003143
0.1330806463956833
0.10186216980218887
0.14383074641227722
0.13292112946510315
0.16139861941337585
0.14003083109855652
0.14345437288284302
0.09178493916988373
0.16797350347042084
0.1521594375371933
0.13442037999629974
0.14612093567848206
0.12420549243688583
0.13584071397781372
0.11480502784252167
0.09839756786823273
0.11003262549638748
0.12260223925113678
0.1330944001674652
0.16381628811359406
0.10846687108278275
0.1497584879398346
0.12381111085414886
0.14224858582019806
0.10092078894376755
0.1213785782456398
0.12381333857774734
0.13284726440906525
0.14947618544101715
0.1591397374868393
0.13964959979057312
0.19071026146411896
0.11973275989294052
0.12598580121994019
0.09842094779014587
0.145321786403656
0.10605712234973907
0.1688561588525772
0.1423618495464325
0.08312202990055084
0.12318854033946991
0.10728849470615387
0.14003600180149078
0.10731987655162811
0.12326743453741074
0.10526592284440994
0.13210678100585938
0.14165857434272766
0.15042829513549805
0.13961313664913177
0.12948475778102875
0.16835233569145203
0.15636958181858063
0.1702573150396347
0.13201186060905457
0.17508628964424133
0.16126511991024017
0.1442880630493164
0.13704267144203186
0.12872861325740814
0.12911291420459747
0.12279851734638214
0.14690080285072327
0.13533669710159302
0.11917586624622345
0.1230827271938324
0.14832450449466705
0.13939373195171356
0.1671903431415558
0.1313122659921646
0.14867466688156128
0.1544889658689499
0.1217631846666336
0.14583732187747955
0.12001775205135345
0.10362108796834946
0.13001756370067596
0.1393159031867981
0.15643741190433502
0.11862030625343323
0.13520334661006927
0.12612886726856232
0.1528463512659073
0.14838078618049622
0.14619013667106628
0.1570362001657486
0.1801079362630844
0.13345083594322205
0.1318415403366089
0.12448936700820923
0.13921242952346802
0.15231692790985107
0.13277393579483032
0.13352906703948975
0.1340656578540802
0.16102205216884613
0.11237218230962753
0.11485335230827332
0.14594830572605133
0.12037324905395508
0.1411055624485016
0.1238202378153801
0.10847915709018707
0.13247232139110565
0.13393938541412354
0.12559449672698975
0.15821239352226257
0.1729697436094284
0.14754171669483185
0.144887775182724
0.12970463931560516
0.15251173079013824
0.09026274085044861
0.12764842808246613
0.0960698053240776
0.1313554346561432
0.1328057199716568
0.14423027634620667
0.15495078265666962
0.1737142652273178
0.10926373302936554
0.13048535585403442
0.134141743183136
0.14961257576942444
0.15066292881965637
0.09590232372283936
0.17219272255897522
0.15413980185985565
0.1065393015742302
0.10802675783634186
0.14325562119483948
0.12321490794420242
0.13714756071567535
0.18084514141082764
0.15439146757125854
0.12003529816865921
0.1564594954252243
0.1290498822927475
0.15358084440231323
0.12803049385547638
0.11476463824510574
0.12627600133419037
0.09411676973104477
0.13020731508731842
0.11444780975580215
0.1388864815235138
0.14779062569141388
0.10785496979951859
0.16659283638000488
0.1371460109949112
0.14304812252521515
0.11486932635307312
0.15180547535419464
0.15805229544639587
0.1369124948978424
0.11746987700462341
0.1383959800004959
0.10933864116668701
0.12535038590431213
0.16933776438236237
0.15442153811454773
0.16069120168685913
0.15621350705623627
0.1540328562259674
0.15465490520000458
0.16103900969028473
0.0981665849685669
0.14261600375175476
0.1424158811569214
0.15928028523921967
0.19110539555549622
0.18815872073173523
0.1130952313542366
0.14469577372074127
0.20470069348812103
0.11195255815982819
0.1337178647518158
0.1010105311870575
0.14671418070793152
0.12881356477737427
0.16819530725479126
0.09245215356349945
0.15558534860610962
0.14047950506210327
0.11205543577671051
0.17461253702640533
0.1536051630973816
0.1090119481086731
0.14489245414733887
0.10192816704511642
0.09186019003391266
0.15100334584712982
0.15598523616790771
0.17451955378055573
0.15933279693126678
0.15414974093437195
0.08759381622076035
0.09536238759756088
0.15325413644313812
0.19351539015769958
0.17099526524543762
0.12340803444385529
0.14231909811496735
0.12607774138450623
0.13670094311237335
0.13292038440704346
0.1365409642457962
0.12061573565006256
0.1256791353225708
0.1486550271511078
0.14205864071846008
0.15347397327423096
0.1634548306465149
0.11964771151542664
0.10428954660892487
0.13266657292842865
0.1397375762462616
0.12481366842985153
0.11093945801258087
0.1394183337688446
0.1537306010723114
0.10485433042049408
0.16015416383743286
0.13940288126468658
0.15894900262355804
0.13650164008140564
0.1489093005657196
0.13249167799949646
0.14806929230690002
0.16027086973190308
0.16942617297172546
0.1587047427892685
0.12577514350414276
0.16496217250823975
0.16053509712219238
0.16553370654582977
0.14750154316425323
0.14714646339416504
0.13825251162052155
0.11471216380596161
0.11585943400859833
0.12637996673583984
0.155832439661026
0.1804732084274292
0.1480463147163391
0.1519479751586914
0.14702020585536957
0.14905104041099548
0.16131432354450226
0.1600692719221115
0.11807774752378464
0.19134989380836487
0.13680896162986755
0.15475967526435852
0.152208149433136
0.125098317861557
0.16110733151435852
0.11199396103620529
0.13563035428524017
0.15914341807365417
0.1400415599346161
0.12248792499303818
0.1535802036523819
0.10988695174455643
0.17485985159873962
0.18057601153850555
0.1296127736568451
0.12866653501987457
0.13586540520191193
0.2180732786655426
0.12420028448104858
0.12046024203300476
0.13629959523677826
0.1581713855266571
0.09803836792707443
0.111890509724617
0.1913500279188156
0.1319376528263092
0.18385839462280273
0.13830111920833588
0.1346968114376068
0.1187010258436203
0.12865287065505981
0.13608649373054504
0.12693661451339722
0.14109940826892853
0.10595349967479706
0.18986737728118896
0.12285345792770386
0.19181163609027863
0.1553478091955185
0.209469735622406
0.15113231539726257
0.11263275146484375
0.13426199555397034
0.19326984882354736
0.13877110183238983
0.15232263505458832
0.1097724586725235
0.13905614614486694
0.1479312926530838
0.17887233197689056
0.1735006868839264
0.14028501510620117
0.16215252876281738
0.14225998520851135
0.15290795266628265
0.14609786868095398
0.1671425849199295
0.16725610196590424
0.10935959219932556
0.13845928013324738
0.21300926804542542
0.19389623403549194
0.14870844781398773
0.175163134932518
0.18900249898433685
0.10361705720424652
0.11435075104236603
0.1490725427865982
0.14846082031726837
0.15908735990524292
0.09903702139854431
0.15114636719226837
0.15929505228996277
0.15310002863407135
0.12654471397399902
0.1381734162569046
0.17048008739948273
0.13791628181934357
0.15009252727031708
0.1386232078075409
0.14020948112010956
0.18415389955043793
0.14776284992694855
0.15163204073905945
0.12049230933189392
0.10745137929916382
0.16357791423797607
0.13703063130378723
0.15734703838825226
0.13529595732688904
0.11718433350324631
0.17413349449634552
0.18528172373771667
0.16328351199626923
0.14563992619514465
0.13595199584960938
0.20438431203365326
0.13145314157009125
0.1397969126701355
0.10390207171440125
0.14366978406906128
0.1334286332130432
0.15505459904670715
0.13295504450798035
0.16742943227291107
0.11481643468141556
0.16622647643089294
0.13828438520431519
0.09831638634204865
0.12071166187524796
0.12990520894527435
0.12800054252147675
0.13853032886981964
0.12143494188785553
0.1573115885257721
0.11530751734972
0.15541693568229675
0.1675460934638977
0.12679384648799896
0.1710537225008011
0.14334027469158173
0.1647924780845642
0.1463913768529892
0.12414634972810745
0.1181783601641655
0.1436748057603836
0.14584194123744965
0.1599055379629135
0.15016436576843262
0.15813130140304565
0.11787699162960052
0.15212666988372803
0.12326344847679138
0.1196206659078598
0.13245707750320435
0.15526628494262695
0.16738511621952057
0.16133008897304535
0.1538516730070114
0.15190371870994568
0.20673173666000366
0.1393859088420868
0.10747349262237549
0.145554319024086
0.1997804194688797
0.13311636447906494
0.17661912739276886
0.1311497837305069
0.1447119265794754
0.1334172934293747
0.1215556263923645
0.14631794393062592
0.1839321404695511
0.1408585011959076
0.14598456025123596
0.18066608905792236
0.1363501250743866
0.12245040386915207
0.17183707654476166
0.12082874029874802
0.14151999354362488
0.17238610982894897
0.19212383031845093
0.20713520050048828
0.19996246695518494
0.1862594038248062
0.1709812581539154
0.14894716441631317
0.16240115463733673
0.16382750868797302
0.16209593415260315
0.15877260267734528
0.15927080810070038
0.1822299063205719
0.15774638950824738
0.15669867396354675
0.10606403648853302
0.1023062914609909
0.11230684071779251
0.16922610998153687
0.11850771307945251
0.1577204018831253
0.12976814806461334
0.16256821155548096
0.11667095869779587
0.15233048796653748
0.13634178042411804
0.13568326830863953
0.13275086879730225
0.14719519019126892
0.19095642864704132
0.1278696060180664
0.12134607136249542
0.1773039549589157
0.1995740681886673
0.14170336723327637
0.1603955328464508
0.13353992998600006
0.1345239281654358
0.17299288511276245
0.12486342340707779
0.16566725075244904
0.1577140986919403
0.18419191241264343
0.13104495406150818
0.19207309186458588
0.16012035310268402
0.13793054223060608
0.10985153168439865
0.17321829497814178
0.19184823334217072
0.17406514286994934
0.16028858721256256
0.1414271742105484
0.18885955214500427
0.14665798842906952
0.11196938157081604
0.14166799187660217
0.18883737921714783
0.1406838595867157
0.09061547368764877
0.16182959079742432
0.1351587176322937
0.15086713433265686
0.1299062967300415
0.16413956880569458
0.15742594003677368
0.1744088977575302
0.14083679020404816
0.11245101690292358
0.14335453510284424
0.18115459382534027
0.14501112699508667
0.14686456322669983
0.1452527642250061
0.16962161660194397
0.18553921580314636
0.16376632452011108
0.1317668855190277
0.19864249229431152
0.17429782450199127
0.17917506396770477
0.12796272337436676
0.11982947587966919
0.10974662750959396
0.1428118795156479
0.13985632359981537
0.1094927042722702
0.15922293066978455
0.18609006702899933
0.1351746767759323
0.1410033106803894
0.16368940472602844
0.12744279205799103
0.16309551894664764
0.11906439065933228
0.15335549414157867
0.20154069364070892
0.16373294591903687
0.13075928390026093
0.12459097057580948
0.14053447544574738
0.15363995730876923
0.1662590652704239
0.14843273162841797
0.11938265711069107
0.165435791015625
0.14764493703842163
0.14096124470233917
0.17534807324409485
0.12416105717420578
0.15962611138820648
0.11257088929414749
0.1409810483455658
0.15759550034999847
0.14333562552928925
0.13594657182693481
0.16799625754356384
0.12727083265781403
0.15253092348575592
0.12498009204864502
0.12264333665370941
0.182834655046463
0.11356581002473831
0.1570732444524765
0.15172266960144043
0.11398044973611832
0.18715590238571167
0.15171392261981964
0.13733310997486115
0.15342891216278076
0.16633176803588867
0.11318339407444
0.12576545774936676
0.13832944631576538
0.21078510582447052
0.13887210190296173
0.11463393270969391
0.14091621339321136
0.14210377633571625
0.16683430969715118
0.17832058668136597
0.15351063013076782
0.1901368647813797
0.16391952335834503
0.20075955986976624
0.17718878388404846
0.20208293199539185
0.14856424927711487
0.18205733597278595
0.12445572763681412
0.12922897934913635
0.12275390326976776
0.1199224516749382
0.15949639678001404
0.1607654094696045
0.12361231446266174
0.17186522483825684
0.15208794176578522
0.13981440663337708
0.15578404068946838
0.198088601231575
0.15708594024181366
0.13616423308849335
0.14096051454544067
0.16183888912200928
0.1989208459854126
0.17044223845005035
0.1399480104446411
0.15474873781204224
0.1697104275226593
0.20290960371494293
0.12169869244098663
0.15660901367664337
0.12566977739334106
0.17066867649555206
0.16999608278274536
0.1346997618675232
0.13779772818088531
0.1667347550392151
0.15216143429279327
0.11826489865779877
0.14916758239269257
0.17253942787647247
0.12308202683925629
0.16539953649044037
0.16215959191322327
0.13826169073581696
0.16044913232326508
0.1413116455078125
0.17425474524497986
0.15480469167232513
0.13911810517311096
0.1288488805294037
0.22441838681697845
0.20442074537277222
0.1552426517009735
0.1540135145187378
0.08940231800079346
0.13872741162776947
0.196564182639122
0.15749457478523254
0.13382132351398468
0.1397559642791748
0.12221469730138779
0.16175565123558044
0.1313217729330063
0.16111643612384796
0.16080276668071747
0.1556570678949356
0.12019914388656616
0.14240336418151855
0.1463109701871872
0.15964150428771973
0.17620150744915009
0.2024659961462021
0.15649199485778809
0.1840391606092453
0.13379383087158203
0.17685936391353607
0.144735649228096
0.16302324831485748
0.12297062575817108
0.13147470355033875
0.18035586178302765
0.1841808259487152
0.14975793659687042
0.18125878274440765
0.12751081585884094
0.13881824910640717
0.11694084852933884
0.12486114352941513
0.1373981386423111
0.11093307286500931
0.1474103182554245
0.21934278309345245
0.13555580377578735
0.17214682698249817
0.15647639334201813
0.15742921829223633
0.18104246258735657
0.16299109160900116
0.15411989390850067
0.13468217849731445
0.15808284282684326
0.15784060955047607
0.1261417716741562
0.14584006369113922
0.14453180134296417
0.1733703315258026
0.16308537125587463
0.15218858420848846
0.1333427131175995
0.12631356716156006
0.1535089910030365
0.15161892771720886
0.14522382616996765
0.13954192399978638
0.11699523031711578
0.11485005170106888
0.13625633716583252
0.15212291479110718
0.11413123458623886
0.12416617572307587
0.14660309255123138
0.10616001486778259
0.16239343583583832
0.09241104125976562
0.13002969324588776
0.12435726821422577
0.1457429975271225
0.09873725473880768
0.12987367808818817
0.12679752707481384
0.1310645341873169
0.15144677460193634
0.12373490631580353
0.14245283603668213
0.09946022182703018
0.10674010217189789
0.11166980862617493
0.14729410409927368
0.10687652975320816
0.10154891014099121
0.11387322098016739
0.1033845767378807
0.12711285054683685
0.09855054318904877
0.12543286383152008
0.13151465356349945
0.1710669994354248
0.10988166183233261
0.15362876653671265
0.11095304042100906
0.1335781067609787
0.15358994901180267
0.14884154498577118
0.15536177158355713
0.19590376317501068
0.11023445427417755
0.1584678739309311
0.15132910013198853
0.12307123094797134
0.1737486869096756
0.11809836328029633
0.09721103310585022
0.143055260181427
0.1645382195711136
0.14058458805084229
0.11834270507097244
0.104105643928051
0.11540398001670837
0.13733874261379242
0.13477382063865662
0.12114115059375763
0.1536761224269867
0.1633615791797638
0.13845859467983246
0.11680907011032104
0.14101368188858032
0.15673039853572845
0.11099313944578171
0.16938680410385132
0.13575582206249237
0.13927407562732697
0.11849988996982574
0.13904152810573578
0.15524506568908691
0.14782112836837769
0.15297235548496246
0.12528730928897858
0.1288883537054062
0.17922885715961456
0.13701018691062927
0.1883135735988617
0.13850896060466766
0.12924566864967346
0.14988024532794952
0.14086222648620605
0.16936460137367249
0.16618509590625763
0.17491711676120758
0.14848777651786804
0.13894116878509521
0.13346371054649353
0.14429020881652832
0.16708433628082275
0.1353183090686798
0.19335708022117615
0.14547057449817657
0.11535447090864182
0.12406621128320694
0.15686136484146118
0.14139698445796967
0.18149089813232422
0.11771954596042633
0.09318002313375473
0.14956077933311462
0.15473228693008423
0.13247135281562805
0.11225492507219315
0.14289408922195435
0.1288885772228241
0.11147098988294601
0.15942244231700897
0.09489672631025314
0.1736244410276413
0.09444745630025864
0.1855841428041458
0.15717093646526337
0.14822572469711304
0.12570087611675262
0.14940151572227478
0.18631911277770996
0.11970007419586182
0.13099950551986694
0.09888819605112076
0.1431942880153656
0.1935928463935852
0.1625886857509613
0.15803734958171844
0.1236792653799057
0.09495518356561661
0.1258813589811325
0.14752915501594543
0.12872157990932465
0.15150661766529083
0.17887894809246063
0.17218558490276337
0.10959650576114655
0.16242514550685883
0.14067481458187103
0.17120647430419922
0.1386517435312271
0.16359038650989532
0.12904900312423706
0.10948529094457626
0.145091250538826
0.1155567318201065
0.14682945609092712
0.12332208454608917
0.16106875240802765
0.09444625675678253
0.1034071296453476
0.13332799077033997
0.17871123552322388
0.15773868560791016
0.14745870232582092
0.10408784449100494
0.1252463459968567
0.16297529637813568
0.13910335302352905
0.11534024775028229
0.19220051169395447
0.15328632295131683
0.14294755458831787
0.15737275779247284
0.1275772750377655
0.14925731718540192
0.16858017444610596
0.1611863672733307
0.16381272673606873
0.13262420892715454
0.19353051483631134
0.18414661288261414
0.16119301319122314
0.1374659538269043
0.16831400990486145
0.14034220576286316
0.19028779864311218
0.16961181163787842
0.14881913363933563
0.16035667061805725
0.1361422836780548
0.19040264189243317
0.13528954982757568
0.15283456444740295
0.15607789158821106
0.11425849795341492
0.10127156972885132
0.1261500120162964
0.11687898635864258
0.19859746098518372
0.16886672377586365
0.19115296006202698
0.1654929369688034
0.18198026716709137
0.17827749252319336
0.17811304330825806
0.10457628965377808
0.13638558983802795
0.17370565235614777
0.1109510287642479
0.1399654597043991
0.1104392409324646
0.129152312874794
0.1361372172832489
0.16439740359783173
0.13531720638275146
0.15173593163490295
0.162005215883255
0.14782167971134186
0.13897354900836945
0.17970570921897888
0.10919012129306793
0.1571677327156067
0.16649885475635529
0.17505386471748352
0.1409904509782791
0.163125142455101
0.14317041635513306
0.14890606701374054
0.18537119030952454
0.17957016825675964
0.11456341296434402
0.17677533626556396
0.16481755673885345
0.12768778204917908
0.12496377527713776
0.11114759743213654
0.11272018402814865
0.15225303173065186
0.17752423882484436
0.12359105050563812
0.16562359035015106
0.16288979351520538
0.12161627411842346
0.11775252223014832
0.1575833261013031
0.09641462564468384
0.12345074117183685
0.14729678630828857
0.13884086906909943
0.1619592159986496
0.12749634683132172
0.13238491117954254
0.17461997270584106
0.14333589375019073
0.18971891701221466
0.23499085009098053
0.18165820837020874
0.10846343636512756
0.14141125977039337
0.11935476213693619
0.13877704739570618
0.1240142285823822
0.1302282065153122
0.16101568937301636
0.1553298830986023
0.1507261097431183
0.1658654361963272
0.10413189232349396
0.1777154505252838
0.12059161812067032
0.17806021869182587
0.1600479781627655
0.12313184887170792
0.13260948657989502
0.188706174492836
0.14424924552440643
0.1347554624080658
0.12283051013946533
0.19499756395816803
0.14663241803646088
0.0973765030503273
0.18990571796894073
0.13044415414333344
0.17248238623142242
0.2072359174489975
0.13246938586235046
0.17384912073612213
0.1429407000541687
0.14674082398414612
0.17657145857810974
0.1648508906364441
0.16938282549381256
0.14853769540786743
0.15509097278118134
0.13407540321350098
0.15872345864772797
0.1198834478855133
0.16787205636501312
0.13510574400424957
0.16766475141048431
0.14721935987472534
0.16664862632751465
0.16191168129444122
0.1403856724500656
0.1453787088394165
0.1439957320690155
0.17598173022270203
0.1357378363609314
0.17795142531394958
0.11669080704450607
0.14054864645004272
0.13659968972206116
0.10966275632381439
0.17970147728919983
0.15201620757579803
0.1392735242843628
0.15394388139247894
0.1334589421749115
0.15943941473960876
0.20195937156677246
0.08622658997774124
0.18614597618579865
0.1829272210597992
0.19474263489246368
0.14296208322048187
0.18660330772399902
0.18346130847930908
0.17400677502155304
0.17013445496559143
0.14411607384681702
0.1193489208817482
0.13840657472610474
0.15231633186340332
0.13670434057712555
0.14145709574222565
0.11860613524913788
0.15266729891300201
0.1315995752811432
0.0774933397769928
0.1390429586172104
0.18314388394355774
0.13816232979297638
0.14959460496902466
0.19038720428943634
0.12303944677114487
0.14274074137210846
0.15599457919597626
0.16342300176620483
0.1256309598684311
0.16510583460330963
0.14448115229606628
0.171082004904747
0.12184996157884598
0.18440021574497223
0.1834409385919571
0.16377156972885132
0.15843185782432556
0.16631413996219635
0.15900547802448273
0.1192447692155838
0.16910412907600403
0.13889165222644806
0.11660560220479965
0.16518187522888184
0.11698241531848907
0.15400360524654388
0.1842515617609024
0.16172197461128235
0.17417271435260773
0.176141157746315
0.1864835023880005
0.16772639751434326
0.14571931958198547
0.09427190572023392
0.1306001991033554
0.13407771289348602
0.18102972209453583
0.15057839453220367
0.17318058013916016
0.13783816993236542
0.13555990159511566
0.15418466925621033
0.1466187983751297
0.13655531406402588
0.21933375298976898
0.15933485329151154
0.13474509119987488
0.16318199038505554
0.16058123111724854
0.1253647357225418
0.13081631064414978
0.1900383085012436
0.18418553471565247
0.14449359476566315
0.14533476531505585
0.12300772964954376
0.15602824091911316
0.1823676973581314
0.1892242431640625
0.15592306852340698
0.154462069272995
0.11441711336374283
0.1285458654165268
0.1155344545841217
0.1889680176973343
0.14975006878376007
0.13503271341323853
0.1545267552137375
0.1442573368549347
0.11896811425685883
0.15293440222740173
0.1227734312415123
0.13174918293952942
0.14775453507900238
0.15471723675727844
0.19163525104522705
0.11716008186340332
0.17998842895030975
0.15593910217285156
0.19248062372207642
0.12731488049030304
0.132974773645401
0.14470888674259186
0.18153034150600433
0.148527592420578
0.1561693400144577
0.13426055014133453
0.17341868579387665
0.21535155177116394
0.18660500645637512
0.13769745826721191
0.14242100715637207
0.14695776998996735
0.14637736976146698
0.1296120136976242
0.18666432797908783
0.12733502686023712
0.1446371078491211
0.13617250323295593
0.19263403117656708
0.11544618010520935
0.16977831721305847
0.1601540893316269
0.21665886044502258
0.15169866383075714
0.15306811034679413
0.16823427379131317
0.10788258165121078
0.14599569141864777
0.15031318366527557
0.1333373785018921
0.152318075299263
0.1849212348461151
0.12844663858413696
0.14571648836135864
0.16399602591991425
0.0981609895825386
0.14589053392410278
0.13415652513504028
0.1666915863752365
0.15497125685214996
0.17789138853549957
0.18777956068515778
0.1701522022485733
0.1286798119544983
0.18678925931453705
0.15613240003585815
0.1547534167766571
0.13278262317180634
0.15004606544971466
0.16952763497829437
0.13350310921669006
0.16294468939304352
0.17076906561851501
0.13514532148838043
0.17213815450668335
0.1581965684890747
0.17630761861801147
0.1260267049074173
0.16698579490184784
0.14584475755691528
0.16198335587978363
0.14653179049491882
0.1701718419790268
0.12855717539787292
0.16596266627311707
0.17662517726421356
0.15284687280654907
0.11462119966745377
0.17958341538906097
0.1469370722770691
0.15929532051086426
0.12397658079862595
0.15353284776210785
0.16188901662826538
0.0962100699543953
0.16706958413124084
0.17890706658363342
0.14854012429714203
0.13934700191020966
0.12267374247312546
0.1650412380695343
0.17496038973331451
0.16786931455135345
0.1424538940191269
0.19118764996528625
0.11140023916959763
0.12797825038433075
0.1399061679840088
0.155268132686615
0.15530167520046234
0.1514083594083786
0.11753673851490021
0.1538754552602768
0.13663235306739807
0.14666105806827545
0.13988547027111053
0.1478528082370758
0.15245991945266724
0.12276371568441391
0.17057132720947266
0.17697234451770782
0.13647814095020294
0.12660135328769684
0.11948725581169128
0.12451926618814468
0.16370579600334167
0.10933175683021545
0.12927913665771484
0.09707173705101013
0.1416071057319641
0.20566387474536896
0.15451808273792267
0.1362927258014679
0.164049431681633
0.20870378613471985
0.1517643928527832
0.11891958117485046
0.21187947690486908
0.14137035608291626
0.1856110692024231
0.1322730928659439
0.1362692266702652
0.1765775978565216
0.1317952275276184
0.1524151712656021
0.10767834633588791
0.11146057397127151
0.18034230172634125
0.1378128081560135
0.18249395489692688
0.09301889687776566
0.1716747283935547
0.14219015836715698
0.14327114820480347
0.12255933880805969
0.15788492560386658
0.18775367736816406
0.1202521026134491
0.16535644233226776
0.14854469895362854
0.14479443430900574
0.17083847522735596
0.1440766155719757
0.13400276005268097
0.14656801521778107
0.16645130515098572
0.18170522153377533
0.11076823621988297
0.1128457561135292
0.12918837368488312
0.13579778373241425
0.1468702256679535
0.17520135641098022
0.14229904115200043
0.14849527180194855
0.09020671993494034
0.17369529604911804
0.10160954296588898
0.10799141228199005
0.16463041305541992
0.15711988508701324
0.09132277220487595
0.10767294466495514
0.11626142263412476
0.14999808371067047
0.16329263150691986
0.1331212967634201
0.13691923022270203
0.15866631269454956
0.1610332429409027
0.12462912499904633
0.13555042445659637
0.1437125951051712
0.13599596917629242
0.1832035630941391
0.17103904485702515
0.12494064122438431
0.08575299382209778
0.1432870328426361
0.10046235471963882
0.14105571806430817
0.16739097237586975
0.12998263537883759
0.1618555635213852
0.15742731094360352
0.13752485811710358
0.13373439013957977
0.12424413114786148
0.1862160563468933
0.13368502259254456
0.12828804552555084
0.14633584022521973
0.13848163187503815
0.16080091893672943
0.14574027061462402
0.1672820895910263
0.16345998644828796
0.1493017077445984
0.11854734271764755
0.12560701370239258
0.16098088026046753
0.15883255004882812
0.11636866629123688
0.146393284201622
0.11623678356409073
0.17481625080108643
0.147873193025589
0.17399780452251434
0.17304030060768127
0.1667027771472931
0.13079822063446045
0.12522511184215546
0.09948401153087616
0.15271985530853271
0.16814380884170532
0.16382122039794922
0.11167588084936142
0.1419316828250885
0.14727959036827087
0.10515190660953522
0.15818209946155548
0.13373972475528717
0.15027004480361938
0.12970316410064697
0.10591300576925278
0.17084752023220062
0.17485135793685913
0.15668335556983948
0.15671755373477936
0.17423327267169952
0.1107746884226799
0.1572917103767395
0.14932574331760406
0.15594467520713806
0.15691912174224854
0.18573907017707825
0.14668527245521545
0.1488521546125412
0.16276712715625763
0.19311627745628357
0.15120483934879303
0.11876574903726578
0.13895276188850403
0.09994854032993317
0.1242012158036232
0.1809234917163849
0.1375916749238968
0.11464256793260574
0.17907068133354187
0.10465434938669205
0.10356462001800537
0.14864608645439148
0.16711896657943726
0.1653713434934616
0.13996629416942596
0.14042755961418152
0.1409689038991928
0.1217866986989975
0.12151896953582764
0.1709252893924713
0.14516854286193848
0.14141081273555756
0.1432866007089615
0.14214307069778442
0.14212347567081451
0.14810574054718018
0.12129335105419159
0.13357976078987122
0.1201828345656395
0.10379809141159058
0.13936227560043335
0.11866296082735062
0.1387793868780136
0.1156991571187973
0.10790730267763138
0.14861352741718292
0.16951251029968262
0.1509239375591278
0.10433929413557053
0.1521730273962021
0.1314881443977356
0.16147379577159882
0.12616091966629028
0.14938533306121826
0.1289181262254715
0.1454952210187912
0.16624414920806885
0.1091526448726654
0.12832626700401306
0.1461189091205597
0.1303391009569168
0.1368103325366974
0.14899398386478424
0.15225689113140106
0.16659389436244965
0.15786726772785187
0.13668078184127808
0.12228493392467499
0.166497603058815
0.11269468814134598
0.18844519555568695
0.14265234768390656
0.11358492076396942
0.09963221848011017
0.13674739003181458
0.1786363422870636
0.13617920875549316
0.09368950128555298
0.11615654081106186
0.1410442292690277
0.1375022828578949
0.10823193192481995
0.13297314941883087
0.17688249051570892
0.1139419749379158
0.12558814883232117
0.11914252489805222
0.2006201446056366
0.12794122099876404
0.08242645114660263
0.14557699859142303
0.09332671016454697
0.15016423165798187
0.15267840027809143
0.09280596673488617
0.164823517203331
0.13137535750865936
0.16666899621486664
0.17070752382278442
0.12866893410682678
0.11906453222036362
0.15292055904865265
0.13727229833602905
0.13183605670928955
0.12095080316066742
0.15051165223121643
0.13904240727424622
0.1287352591753006
0.10515334457159042
0.13471181690692902
0.1823093295097351
0.19338828325271606
0.12096429616212845
0.14846177399158478
0.1434183120727539
0.14154930412769318
0.11971911787986755
0.13125821948051453
0.1449446678161621
0.17467337846755981
0.13981744647026062
0.14928457140922546
0.15890035033226013
0.14241479337215424
0.1233004629611969
0.14211344718933105
0.13566090166568756
0.18734902143478394
0.1228378564119339
0.09586964547634125
0.15962912142276764
0.08106256276369095
0.16195599734783173
0.15399815142154694
0.13127002120018005
0.15662884712219238
0.17204272747039795
0.11527709662914276
0.14939022064208984
0.11881507933139801
0.15633369982242584
0.11050514131784439
0.14156384766101837
0.11878399550914764
0.17953336238861084
0.1293666660785675
0.11105349659919739
0.13438478112220764
0.11226803809404373
0.17423860728740692
0.09601817280054092
0.16616235673427582
0.1340068131685257
0.1778266727924347
0.12034155428409576
0.08469134569168091
0.14141063392162323
0.16950510442256927
0.16491636633872986
0.17018406093120575
0.13082537055015564
0.16396860778331757
0.09504182636737823
0.13630439341068268
0.1095665991306305
0.11718712747097015
0.11960703134536743
0.1536681205034256
0.17925144731998444
0.1631370633840561
0.14474664628505707
0.12852001190185547
0.10918042063713074
0.16062545776367188
0.15603575110435486
0.11912435293197632
0.18406270444393158
0.13261498510837555
0.15471330285072327
0.1468060314655304
0.12070025503635406
0.1257614940404892
0.10954345762729645
0.16096210479736328
0.09914327412843704
0.2103891670703888
0.11181880533695221
0.1305885910987854
0.10601447522640228
0.13793034851551056
0.18050628900527954
0.129982590675354
0.124008409678936
0.1382347047328949
0.13942845165729523
0.15518580377101898
0.1557348668575287
0.11380481719970703
0.15016871690750122
0.1306297779083252
0.15783916413784027
0.1614701896905899
0.1252349615097046
0.13381899893283844
0.13408994674682617
0.11810115724802017
0.12496204674243927
0.14269542694091797
0.10441020131111145
0.1813669055700302
0.09777139872312546
0.13726262748241425
0.1823463886976242
0.1516949087381363
0.14872367680072784
0.19827064871788025
0.1766527146100998
0.13640907406806946
0.16703388094902039
0.13566073775291443
0.149775430560112
0.12308955192565918
0.13551579415798187
0.19801442325115204
0.16588851809501648
0.1357330083847046
0.15267914533615112
0.14949941635131836
0.11602000147104263
0.15015295147895813
0.14452923834323883
0.10436340421438217
0.1341220587491989
0.15448477864265442
0.14189286530017853
0.10708093643188477
0.11351919919252396
0.1542978435754776
0.10100273042917252
0.09523636847734451
0.13287952542304993
0.10829684883356094
0.15893994271755219
0.13950282335281372
0.20498663187026978
0.11397533118724823
0.08393177390098572
0.12620332837104797
0.11218716949224472
0.1412789672613144
0.15680192410945892
0.14842812716960907
0.12717825174331665
0.18353070318698883
0.12180034071207047
0.14628706872463226
0.15688760578632355
0.17800664901733398
0.12048044800758362
0.12231175601482391
0.09011930972337723
0.15801528096199036
0.07033830881118774
0.129398375749588
0.10339538007974625
0.15272244811058044
0.1348992884159088
0.10847050696611404
0.1151755228638649
0.10019779205322266
0.16423620283603668
0.15030503273010254
0.11426660418510437
0.11708363890647888
0.18164731562137604
0.15461748838424683
0.17950136959552765
0.09149320423603058
0.1303168535232544
0.1146426573395729
0.11524002999067307
0.148158460855484
0.1679971069097519
0.1343182772397995
0.07458937913179398
0.1519131362438202
0.11030159890651703
0.12972982227802277
0.1444549709558487
0.14569854736328125
0.10199017822742462
0.12190403789281845
0.12457647174596786
0.17610688507556915
0.12519621849060059
0.12456680834293365
0.13553248345851898
0.1377512812614441
0.12103255838155746
0.100751593708992
0.13230983912944794
0.11259607970714569
0.11689063906669617
0.14159362018108368
0.10700120031833649
0.11040394008159637
0.07392492890357971
0.13294175267219543
0.1438160240650177
0.16220195591449738
0.1400976926088333
0.1427931934595108
0.11342035979032516
0.15283237397670746
0.14454062283039093
0.14268715679645538
0.16245391964912415
0.12645287811756134
0.10353267192840576
0.15471778810024261
0.09281982481479645
0.09822084754705429
0.16095693409442902
0.10427160561084747
0.13753575086593628
0.11587616801261902
0.12242099642753601
0.1594647318124771
0.1763925999403
0.1541128009557724
0.17034226655960083
0.22222861647605896
0.1391434669494629
0.1376352310180664
0.1274028718471527
0.10902711749076843
0.13530518114566803
0.12258259207010269
0.12653303146362305
0.15270526707172394
0.09524437040090561
0.1293981373310089
0.11583611369132996
0.1429893672466278
0.08073680102825165
0.06393352150917053
0.10840614140033722
0.13431908190250397
0.10942380130290985
0.15722237527370453
0.1690671145915985
0.14419466257095337
0.14915664494037628
0.16398409008979797
0.15869727730751038
0.17602021992206573
0.0997297614812851
0.1468515843153
0.12211116403341293
0.1372906118631363
0.11804897338151932
0.13946443796157837
0.1466945856809616
0.145811066031456
0.13594503700733185
0.10948187112808228
0.14796870946884155
0.11211971938610077
0.12372788786888123
0.07994343340396881
0.10531198233366013
0.2094939798116684
0.11227908730506897
0.17748191952705383
0.15044355392456055
0.10707643628120422
0.10098285228013992
0.13831646740436554
0.1601761281490326
0.1271020621061325
0.18285837769508362
0.1248810663819313
0.13063155114650726
0.07988167554140091
0.15926611423492432
0.11620986461639404
0.10974001884460449
0.10465439409017563
0.14238706231117249
0.1488054096698761
0.11304625123739243
0.11549528688192368
0.0588710680603981
0.14803077280521393
0.11526293307542801
0.11500260978937149
0.17732800543308258
0.10878229886293411
0.11501313745975494
0.1376713216304779
0.1668180227279663
0.176126629114151
0.13875867426395416
0.1412442922592163
0.13206860423088074
0.1559361070394516
0.14722700417041779
0.08998977392911911
0.14080435037612915
0.08454102277755737
0.15065698325634003
0.1461692899465561
0.13671404123306274
0.1710359901189804
0.1151212677359581
0.14574509859085083
0.13021890819072723
0.1091068834066391
0.17330729961395264
0.15853266417980194
0.1986958384513855
0.13137729465961456
0.11464602500200272
0.16508109867572784
0.09903106838464737
0.12777797877788544
0.1583845019340515
0.15961763262748718
0.16822922229766846
0.11666803807020187
0.10485678911209106
0.12606945633888245
0.1358313113451004
0.1398777812719345
0.12872590124607086
0.13066597282886505
0.10189545154571533
0.1452970951795578
0.10886351764202118
0.1429702192544937
0.12438192218542099
0.16203975677490234
0.13326577842235565
0.1275525987148285
0.12281355261802673
0.1034921184182167
0.11250773072242737
0.16815488040447235
0.10338528454303741
0.18498456478118896
0.08850628137588501
0.11555251479148865
0.12068488448858261
0.1189015656709671
0.14516672492027283
0.13417981564998627
0.15060806274414062
0.13929428160190582
0.09066136926412582
0.1198144182562828
0.09136644750833511
0.08576034009456635
0.1374204456806183
0.10883472859859467
0.18221279978752136
0.1841745227575302
0.0788252130150795
0.13457843661308289
0.1428309828042984
0.11896159499883652
0.09372064471244812
0.12469200789928436
0.1422751396894455
0.09818015992641449
0.12103704363107681
0.13419853150844574
0.09471873939037323
0.16028454899787903
0.09287592023611069
0.13510948419570923
0.15338976681232452
0.1001565158367157
0.15074066817760468
0.13821114599704742
0.08698537945747375
0.15748868882656097
0.1376994550228119
0.14956346154212952
0.15139317512512207
0.11620453000068665
0.12039782851934433
0.14895112812519073
0.14593611657619476
0.09738276153802872
0.1472609043121338
0.13404634594917297
0.1769494116306305
0.1341737061738968
0.12443897873163223
0.13856714963912964
0.08683361113071442
0.1222877949476242
0.10551861673593521
0.08396124839782715
0.12028686702251434
0.131872296333313
0.11788703501224518
0.10253729671239853
0.09682213515043259
0.13239967823028564
0.18571147322654724
0.12735861539840698
0.15025319159030914
0.12559688091278076
0.14395970106124878
0.1058247834444046
0.10958264768123627
0.11715687066316605
0.21227551996707916
0.1462642401456833
0.13846315443515778
0.07615029066801071
0.11141972988843918
0.15269652009010315
0.07909227907657623
0.1631205528974533
0.15988671779632568
0.12002559006214142
0.1277509480714798
0.1522495597600937
0.1060895100235939
0.124101422727108
0.19559688866138458
0.11034151166677475
0.08075233548879623
0.16044792532920837
0.13227346539497375
0.16448424756526947
0.15298517048358917
0.15704913437366486
0.08951418846845627
0.19783233106136322
0.1403430849313736
0.13519498705863953
0.14777065813541412
0.12246333062648773
0.14039592444896698
0.14536476135253906
0.15707927942276
0.16231665015220642
0.15917284786701202
0.18087409436702728
0.12698902189731598
0.17013081908226013
0.13452494144439697
0.08328410983085632
0.10071120411157608
0.08786670863628387
0.12272635847330093
0.13395905494689941
0.08748088032007217
0.11531137675046921
0.15072551369667053
0.11480309069156647
0.07203776389360428
0.12707114219665527
0.18422912061214447
0.12229441851377487
0.16444255411624908
0.19269517064094543
0.14443546533584595
0.11719289422035217
0.10005156695842743
0.12680400907993317
0.11226405203342438
0.1362973153591156
0.10516146570444107
0.10815605521202087
0.10789565742015839
0.15048198401927948
0.139384463429451
0.1508040875196457
0.14694072306156158
0.1768982708454132
0.16150090098381042
0.14293283224105835
0.17026102542877197
0.1595517098903656
0.11411820352077484
0.14593228697776794
0.1703636348247528
0.11977269500494003
0.11364728957414627
0.11684635281562805
0.1498330682516098
0.12980875372886658
0.16732722520828247
0.09138313680887222
0.14252173900604248
0.13356545567512512
0.1998399794101715
0.14503416419029236
0.10188283026218414
0.16503316164016724
0.10722897201776505
0.15643493831157684
0.16004259884357452
0.1582460254430771
0.08288213610649109
0.15416312217712402
0.11123383045196533
0.16334021091461182
0.16120773553848267
0.1325809359550476
0.12394049763679504
0.18163195252418518
0.13767126202583313
0.10431570559740067
0.1618882417678833
0.11397020518779755
0.13684777915477753
0.12568987905979156
0.139501690864563
0.13504530489444733
0.14863570034503937
0.14758028090000153
0.11335475742816925
0.07981552928686142
0.11360318213701248
0.14194996654987335
0.13303761184215546
0.13882118463516235
0.1843291074037552
0.12073271721601486
0.12183409929275513
0.11477148532867432
0.14625954627990723
0.0929257869720459
0.0780547633767128
0.1419142633676529
0.17384859919548035
0.1521182507276535
0.11577854305505753
0.10749918222427368
0.0914066806435585
0.11839714646339417
0.10713537037372589
0.10570484399795532
0.12581013143062592
0.07817324995994568
0.13955050706863403
0.09698110073804855
0.14191098511219025
0.14239957928657532
0.10556251555681229
0.13069452345371246
0.1726807802915573
0.14301112294197083
0.12310857325792313
0.13256219029426575
0.1502159684896469
0.19710198044776917
0.1254638284444809
0.07761809974908829
0.1335105448961258
0.15062560141086578
0.1456759124994278
0.07835989445447922
0.1299038678407669
0.08807741850614548
0.1477835476398468
0.17271500825881958
0.12008335441350937
0.14196451008319855
0.16984902322292328
0.14971518516540527
0.15439055860042572
0.1581566482782364
0.17352932691574097
0.11484501510858536
0.0952610969543457
0.11933950334787369
0.14515374600887299
0.06796763837337494
0.1253608763217926
0.18382999300956726
0.19566413760185242
0.14860624074935913
0.09899458289146423
0.08779160678386688
0.14841675758361816
0.15641358494758606
0.1255519986152649
0.14617282152175903
0.1079309731721878
0.12700486183166504
0.09288391470909119
0.10267944633960724
0.1458539217710495
0.11761089414358139
0.11857625097036362
0.1730230450630188
0.12696848809719086
0.1999247521162033
0.11192934960126877
0.20473220944404602
0.09955844283103943
0.1396966427564621
0.11565333604812622
0.10527044534683228
0.12111366540193558
0.17294074594974518
0.1554265171289444
0.12037620693445206
0.12030791491270065
0.1968589574098587
0.15763652324676514
0.12008680403232574
0.10779443383216858
0.18209753930568695
0.15962105989456177
0.09394094347953796
0.21100232005119324
0.11218362301588058
0.13020440936088562
0.11893367767333984
0.10994313657283783
0.17510011792182922
0.13113190233707428
0.12766559422016144
0.1348811239004135
0.16046608984470367
0.14622089266777039
0.06368039548397064
0.16378988325595856
0.12227731198072433
0.13438011705875397
0.07970203459262848
0.16687330603599548
0.07209186255931854
0.1661919206380844
0.1993192583322525
0.07894482463598251
0.19824716448783875
0.11294341832399368
0.11243408918380737
0.12190497666597366
0.1122402772307396
0.1235007494688034
0.11294502019882202
0.08399743586778641
0.15013933181762695
0.10942486673593521
0.12184995412826538
0.1090451180934906
0.12937228381633759
0.12478775531053543
0.14909204840660095
0.14778079092502594
0.14216749370098114
0.08319607377052307
0.1213899776339531
0.11679114401340485
0.11061225086450577
0.16424013674259186
0.10233902186155319
0.1460016369819641
0.12177766859531403
0.07875293493270874
0.13847756385803223
0.12960611283779144
0.16137662529945374
0.11524282395839691
0.17087440192699432
0.14577670395374298
0.1562163233757019
0.09335900098085403
0.23035649955272675
0.09196266531944275
0.10635165870189667
0.14715702831745148
0.09616469591856003
0.1499117910861969
0.12264057248830795
0.15739499032497406
0.0722721666097641
0.24143929779529572
0.1579967588186264
0.1366463005542755
0.15217149257659912
0.22201542556285858
0.11439840495586395
0.15076181292533875
0.13318821787834167
0.158819779753685
0.12326774001121521
0.12710785865783691
0.1648314893245697
0.14519543945789337
0.1550162434577942
0.13967745006084442
0.21413317322731018
0.09541802108287811
0.12711086869239807
0.07914195954799652
0.08963990211486816
0.1621638983488083
0.13040877878665924
0.17068178951740265
0.11036720126867294
0.13801410794258118
0.15613627433776855
0.1722828447818756
0.157704696059227
0.1654609739780426
0.18374817073345184
0.18682751059532166
0.08969007432460785
0.11591655761003494
0.13629119098186493
0.1533297896385193
0.16426168382167816
0.16371490061283112
0.08637546002864838
0.10927899181842804
0.08346199989318848
0.16553783416748047
0.13915786147117615
0.14999963343143463
0.17686232924461365
0.15701496601104736
0.08958499878644943
0.16493360698223114
0.18229851126670837
0.19710025191307068
0.1667957454919815
0.1388329416513443
0.10807235538959503
0.13800887763500214
0.12441769987344742
0.18123193085193634
0.15605084598064423
0.09970066696405411
0.16460590064525604
0.07574401795864105
0.11290707439184189
0.12148720026016235
0.10789477825164795
0.16221651434898376
0.1970748007297516
0.12914347648620605
0.11858899891376495
0.18693257868289948
0.13948692381381989
0.12479521334171295
0.12509487569332123
0.13821454346179962
0.18184226751327515
0.06435456871986389
0.1676001399755478
0.08567459881305695
0.1822478473186493
0.11907486617565155
0.13856379687786102
0.10712612420320511
0.13648471236228943
0.12995657324790955
0.08508752286434174
0.16242291033267975
0.16051596403121948
0.19495165348052979
0.08170746266841888
0.10134303569793701
0.10854321718215942
0.13027389347553253
0.16762542724609375
0.14463552832603455
0.14959238469600677
0.1070835217833519
0.09270714223384857
0.1310506910085678
0.1456315964460373
0.11834258586168289
0.1189376711845398
0.1209620013833046
0.1556723266839981
0.13856001198291779
0.1442243605852127
0.12688365578651428
0.16597025096416473
0.14713609218597412
0.14026863873004913
0.16140258312225342
0.1423749029636383
0.10069027543067932
0.09599834680557251
0.13519220054149628
0.0898502841591835
0.14882603287696838
0.13743804395198822
0.11207703500986099
0.17970514297485352
0.14243930578231812
0.09072160720825195
0.1585267037153244
0.12365304678678513
0.1426132172346115
0.17316372692584991
0.16677406430244446
0.06638965755701065
0.1650853157043457
0.1180792972445488
0.12623406946659088
0.11623519659042358
0.13243204355239868
0.13629761338233948
0.14445635676383972
0.1003987044095993
0.09383415430784225
0.11447865515947342
0.1818523108959198
0.22521893680095673
0.13429950177669525
0.15486997365951538
0.1349603235721588
0.07885579764842987
0.15086817741394043
0.1407153606414795
0.10574954003095627
0.08478016406297684
0.12074729800224304
0.12636303901672363
0.11445402354001999
0.11563239991664886
0.13109052181243896
0.09979144483804703
0.1790211945772171
0.12377238273620605
0.1709001660346985
0.10152081400156021
0.09254113584756851
0.1414933055639267
0.1286281943321228
0.13695569336414337
0.11078193038702011
0.13957472145557404
0.14780975878238678
0.09939371049404144
0.15647009015083313
0.11399570107460022
0.06815940141677856
0.15948262810707092
0.1536301076412201
0.17210185527801514
0.13695552945137024
0.15433545410633087
0.09423184394836426
0.1228555291891098
0.13262802362442017
0.14247070252895355
0.1232200637459755
0.13807527720928192
0.14278659224510193
0.13913282752037048
0.13219711184501648
0.153319850564003
0.13277900218963623
0.08780056238174438
0.09953715652227402
0.15838639438152313
0.13796508312225342
0.11280721426010132
0.14460985362529755
0.18337678909301758
0.17977318167686462
0.15238071978092194
0.14774790406227112
0.08759856224060059
0.08888420462608337
0.12432283163070679
0.11777438223361969
0.1519623100757599
0.13301672041416168
0.14285849034786224
0.1144586056470871
0.13327161967754364
0.12147954851388931
0.18466302752494812
0.1355256736278534
0.14981357753276825
0.09133947640657425
0.10332463681697845
0.12913422286510468
0.15123015642166138
0.19328176975250244
0.12147358804941177
0.2045118361711502
0.11827492713928223
0.18281327188014984
0.13466718792915344
0.15664926171302795
0.12078704684972763
0.09231055527925491
0.1422683447599411
0.16126711666584015
0.15064221620559692
0.13042539358139038
0.15088169276714325
0.11436905711889267
0.1173977181315422
0.16977715492248535
0.23372453451156616
0.13554102182388306
0.178224578499794
0.10772969573736191
0.16108272969722748
0.14397580921649933
0.153632253408432
0.13266631960868835
0.11941532045602798
0.15317174792289734
0.11442768573760986
0.1385711431503296
0.17337921261787415
0.1023949533700943
0.08567747473716736
0.196056067943573
0.16388429701328278
0.1383388340473175
0.15112724900245667
0.13330845534801483
0.15562008321285248
0.10114303976297379
0.13199180364608765
0.1299038827419281
0.14013388752937317
0.12836050987243652
0.074019655585289
0.14262568950653076
0.13398362696170807
0.15358176827430725
0.12020160257816315
0.11567889153957367
0.19269762933254242
0.13372662663459778
0.10746035724878311
0.11593319475650787
0.12317337095737457
0.10892114043235779
0.11198268830776215
0.1685059368610382
0.13006843626499176
0.20606228709220886
0.2025621235370636
0.1323782354593277
0.24290280044078827
0.1435733288526535
0.16679947078227997
0.17733091115951538
0.17951491475105286
0.06856299936771393
0.1361733227968216
0.1457221657037735
0.1603657603263855
0.1207776665687561
0.1189880222082138
0.13099803030490875
0.18444979190826416
0.14217716455459595
0.13929207623004913
0.11675922572612762
0.08688301593065262
0.1183687299489975
0.12870341539382935
0.16835173964500427
0.12497219443321228
0.16318286955356598
0.11806296557188034
0.16575920581817627
0.13470257818698883
0.16000665724277496
0.15118135511875153
0.11175279319286346
0.17324237525463104
0.0988372266292572
0.1671311855316162
0.12306193262338638
0.12388134002685547
0.15252810716629028
0.10916362702846527
0.14463728666305542
0.1945272535085678
0.1522602140903473
0.12292860448360443
0.10980187356472015
0.1268012523651123
0.17916658520698547
0.1642400026321411
0.09259124100208282
0.15570756793022156
0.11076126992702484
0.1509150266647339
0.1780337244272232
0.15413028001785278
0.13380146026611328
0.16260835528373718
0.14391744136810303
0.21346941590309143
0.11302466690540314
0.1263693869113922
0.20057371258735657
0.18246452510356903
0.11862409114837646
0.1288924217224121
0.1481771320104599
0.08324270695447922
0.09024321287870407
0.1236395463347435
0.15432555973529816
0.08633187413215637
0.07788652926683426
0.09390249848365784
0.18291902542114258
0.15272213518619537
0.15964679419994354
0.15035535395145416
0.11340022832155228
0.11879494041204453
0.1368984878063202
0.09604104608297348
0.13840395212173462
0.10407770425081253
0.11650127172470093
0.11376294493675232
0.14752472937107086
0.165934756398201
0.13361988961696625
0.11314088851213455
0.13323724269866943
0.14014923572540283
0.1284436285495758
0.15658998489379883
0.1008579358458519
0.13910387456417084
0.14626629650592804
0.2259138524532318
0.14009003341197968
0.21039313077926636
0.1437835395336151
0.13762015104293823
0.13229608535766602
0.1262342929840088
0.14271359145641327
0.09405778348445892
0.14979970455169678
0.16300468146800995
0.11669810116291046
0.12323684990406036
0.18342192471027374
0.11232994496822357
0.16456404328346252
0.10274332016706467
0.19457121193408966
0.19249708950519562
0.2051512449979782
0.11581440269947052
0.152774840593338
0.12362851202487946
0.10561174154281616
0.19054169952869415
0.14757704734802246
0.13255387544631958
0.1502719521522522
0.19771969318389893
0.1662658452987671
0.13256262242794037
0.11764409393072128
0.1695060133934021
0.12079855799674988
0.14443480968475342
0.1365511566400528
0.09192381799221039
0.13316039741039276
0.17952708899974823
0.1461702436208725
0.17934180796146393
0.11984461545944214
0.15395614504814148
0.1611035168170929
0.10798484832048416
0.19373199343681335
0.18947944045066833
0.10154897719621658
0.16720430552959442
0.13284146785736084
0.15723884105682373
0.189133420586586
0.18786107003688812
0.1561039686203003
0.12571686506271362
0.11693768948316574
0.11088448762893677
0.07000870257616043
0.1666795015335083
0.1259266585111618
0.1043180376291275
0.11888205260038376
0.13777172565460205
0.13954830169677734
0.11396001279354095
0.10179292410612106
0.10340218245983124
0.08433160930871964
0.18558792769908905
0.13164831697940826
0.15977123379707336
0.10709184408187866
0.13126778602600098
0.07751279324293137
0.1857379823923111
0.1411488801240921
0.11862283200025558
0.15793614089488983
0.1633071005344391
0.1952497512102127
0.1480569839477539
0.16889040172100067
0.13180416822433472
0.17041300237178802
0.1068040132522583
0.1443144977092743
0.1330413669347763
0.2282058447599411
0.1303335428237915
0.13905327022075653
0.13849946856498718
0.13687963783740997
0.13395658135414124
0.14091967046260834
0.11673538386821747
0.1033048927783966
0.19927969574928284
0.1725388616323471
0.12533608078956604
0.1379445195198059
0.1192338839173317
0.13580942153930664
0.1318274587392807
0.20016124844551086
0.09272889792919159
0.18259215354919434
0.14986787736415863
0.14761309325695038
0.1645711213350296
0.10419654846191406
0.14404462277889252
0.14153723418712616
0.215563103556633
0.13518816232681274
0.13804733753204346
0.13496133685112
0.12607957422733307
0.1864115297794342
0.1925230324268341
0.16004449129104614
0.1328047662973404
0.173484206199646
0.21188578009605408
0.13455680012702942
0.11075383424758911
0.13685432076454163
0.2027682512998581
0.07316768914461136
0.1856946498155594
0.1465887427330017
0.20050986111164093
0.13715887069702148
0.11042415350675583
0.15511703491210938
0.11121192574501038
0.143862783908844
0.15654490888118744
0.12542006373405457
0.12856410443782806
0.18117906153202057
0.1060679629445076
0.13562388718128204
0.10733626782894135
0.13070932030677795
0.1940557360649109
0.2366223782300949
0.20728904008865356
0.11536428332328796
0.11922844499349594
0.20024637877941132
0.16450472176074982
0.21157987415790558
0.14438220858573914
0.12495077401399612
0.16887451708316803
0.14466294646263123
0.12572048604488373
0.13053110241889954
0.1384873241186142
0.15125378966331482
0.13913683593273163
0.12043888121843338
0.14523427188396454
0.15490120649337769
0.1482614427804947
0.13377515971660614
0.17722147703170776
0.1676473617553711
0.15212208032608032
0.23642295598983765
0.19702592492103577
0.07717783004045486
0.1522640585899353
0.1412806659936905
0.10206867009401321
0.11342710256576538
0.12206366658210754
0.16914504766464233
0.11066947877407074
0.1527191400527954
0.11806733906269073
0.14530624449253082
0.13044200837612152
0.10305765271186829
0.1650533676147461
0.1611308753490448
0.1299961656332016
0.11202757060527802
0.16590139269828796
0.133292555809021
0.1536041647195816
0.1377057582139969
0.09572914242744446
0.140594020485878
0.17435190081596375
0.13972492516040802
0.1877894252538681
0.12490283697843552
0.1576593518257141
0.1429293155670166
0.1261235922574997
0.16079971194267273
0.15309469401836395
0.13295401632785797
0.21143677830696106
0.1534617394208908
0.1363849937915802
0.19143469631671906
0.1668737530708313
0.14569160342216492
0.22506028413772583
0.11782612651586533
0.1832021027803421
0.10780292749404907
0.11483654379844666
0.08853327482938766
0.11999449133872986
0.12082482874393463
0.1067514717578888
0.150595560669899
0.17870455980300903
0.14658507704734802
0.18514753878116608
0.12639155983924866
0.11472372710704803
0.13853800296783447
0.1494380682706833
0.08704140037298203
0.12428200244903564
0.10761173814535141
0.15041138231754303
0.15262719988822937
0.10753770917654037
0.10833090543746948
0.10798624902963638
0.14839895069599152
0.12202300131320953
0.1616268903017044
0.2027072310447693
0.12138299643993378
0.1126999706029892
0.1806703507900238
0.1769777089357376
0.11913838982582092
0.12315884232521057
0.18521307408809662
0.11271291971206665
0.1341216117143631
0.09015236049890518
0.18378305435180664
0.20412319898605347
0.12425197660923004
0.13938213884830475
0.15976817905902863
0.1648169755935669
0.08866611123085022
0.11018124222755432
0.147139310836792
0.14401842653751373
0.20266936719417572
0.1969701051712036
0.11301448941230774
0.1494205743074417
0.13531091809272766
0.11524078249931335
0.16123564541339874
0.17651920020580292
0.1738538295030594
0.11838293820619583
0.1759721040725708
0.15476056933403015
0.13038486242294312
0.15454277396202087
0.14187997579574585
0.14013338088989258
0.18949566781520844
0.1843874603509903
0.13772843778133392
0.1571219265460968
0.1746392697095871
0.1932404339313507
0.08922279626131058
0.23324993252754211
0.14756062626838684
0.09855087101459503
0.13044996559619904
0.1215507984161377
0.14047373831272125
0.13432954251766205
0.11945777386426926
0.1399672031402588
0.14926037192344666
0.1642451137304306
0.12781088054180145
0.1597864180803299
0.1681920886039734
0.1300530582666397
0.15713107585906982
0.17007191479206085
0.18145161867141724
0.1559329330921173
0.10743451863527298
0.16875234246253967
0.1739797294139862
0.14808769524097443
0.14447973668575287
0.15040841698646545
0.1273510903120041
0.1660349816083908
0.1354503333568573
0.18069849908351898
0.13583454489707947
0.16559548676013947
0.17742452025413513
0.15599161386489868
0.13654246926307678
0.20259034633636475
0.12489103525876999
0.22714650630950928
0.13047988712787628
0.11535187065601349
0.16984494030475616
0.1843406707048416
0.16342012584209442
0.12396784871816635
0.09983754903078079
0.17929139733314514
0.16796982288360596
0.1233142837882042
0.17565757036209106
0.05762520805001259
0.09969950467348099
0.12833474576473236
0.16368061304092407
0.13525032997131348
0.11961961537599564
0.13788966834545135
0.1257460117340088
0.13090872764587402
0.14879463613033295
0.1133715957403183
0.12483356893062592
0.1589956283569336
0.14763925969600677
0.14374984800815582
0.10355833172798157
0.11135393381118774
0.15228642523288727
0.14631828665733337
0.12178342044353485
0.11149100214242935
0.12356506288051605
0.09812406450510025
0.1569724678993225
0.11472807079553604
0.20585672557353973
0.17338208854198456
0.18323642015457153
0.0968070775270462
0.1728419065475464
0.15565374493598938
0.11010804772377014
0.12059196829795837
0.17546693980693817
0.1289648562669754
0.14993953704833984
0.13866829872131348
0.15742051601409912
0.1708955317735672
0.12190574407577515
0.13711658120155334
0.18803949654102325
0.09754421561956406
0.1433122605085373
0.15275700390338898
0.16122999787330627
0.13366356492042542
0.10330324620008469
0.11046359688043594
0.15339739620685577
0.13933433592319489
0.14088766276836395
0.17288370430469513
0.1792779415845871
0.14002877473831177
0.13349924981594086
0.12140201777219772
0.12022003531455994
0.11789047718048096
0.13537496328353882
0.16994629800319672
0.1756335198879242
0.09511414170265198
0.1466170996427536
0.12909534573554993
0.12657234072685242
0.09011830389499664
0.11127474904060364
0.13237735629081726
0.12421983480453491
0.13889256119728088
0.11541684716939926
0.1436430960893631
0.1240287721157074
0.15700122714042664
0.16310875117778778
0.12057317793369293
0.13474714756011963
0.08151519298553467
0.13785523176193237
0.16083204746246338
0.09722284972667694
0.10985536128282547
0.14345212280750275
0.16926835477352142
0.1492045372724533
0.1724153310060501
0.1807553768157959
0.1448933184146881
0.11624085903167725
0.0861532986164093
0.13930480182170868
0.1187824159860611
0.15199652314186096
0.10721149295568466
0.17440399527549744
0.11422225087881088
0.1618204265832901
0.12890972197055817
0.16813352704048157
0.14319971203804016
0.15428757667541504
0.13969114422798157
0.1193389743566513
0.13158133625984192
0.08122122287750244
0.17457199096679688
0.14132194221019745
0.14296841621398926
0.16166669130325317
0.1394585371017456
0.13074877858161926
0.13813191652297974
0.09518495947122574
0.10003143548965454
0.18978339433670044
0.15921808779239655
0.13907645642757416
0.14038045704364777
0.1369471251964569
0.10949044674634933
0.11002431064844131
0.14750492572784424
0.17997170984745026
0.13248030841350555
0.13154852390289307
0.1471017301082611
0.1123439371585846
0.12109769880771637
0.1422829031944275
0.14230547845363617
0.11670780926942825
0.167635977268219
0.1308325082063675
0.10993075370788574
0.1322288066148758
0.11363834142684937
0.15677104890346527
0.1432381272315979
0.14507438242435455
0.16144323348999023
0.1281178891658783
0.13942843675613403
0.12660498917102814
0.1148369088768959
0.14423324167728424
0.14307448267936707
0.15568238496780396
0.12509596347808838
0.0975862368941307
0.16848139464855194
0.1436377912759781
0.1472674012184143
0.19057218730449677
0.12604321539402008
0.15553539991378784
0.11442787200212479
0.14475955069065094
0.148556187748909
0.1343359798192978
0.1450994908809662
0.1514347791671753
0.14371727406978607
0.15498210489749908
0.13188500702381134
0.15470951795578003
0.13720937073230743
0.14800117909908295
0.12096410244703293
0.14178113639354706
0.11876041442155838
0.11135128140449524
0.13129588961601257
0.13100565969944
0.2152508944272995
0.13450957834720612
0.11956704407930374
0.15450480580329895
0.1727123111486435
0.11682300269603729
0.15891586244106293
0.11590490490198135
0.11401453614234924
0.11898879706859589
0.15372566878795624
0.13599573075771332
0.15944120287895203
0.1493547260761261
0.1642576903104782
0.15598580241203308
0.12555010616779327
0.14894089102745056
0.12837016582489014
0.12709864974021912
0.15657223761081696
0.1344793140888214
0.1466149091720581
0.15794159471988678
0.11810794472694397
0.10451571643352509
0.16371142864227295
0.12449894845485687
0.1594591736793518
0.1253025233745575
0.09791146963834763
0.1611170768737793
0.1639571338891983
0.14990390837192535
0.13772383332252502
0.14949505031108856
0.13138777017593384
0.13892033696174622
0.10550965368747711
0.1479809582233429
0.13333365321159363
0.12728306651115417
0.13297061622142792
0.15063463151454926
0.12203187495470047
0.15207642316818237
0.14449724555015564
0.10632109642028809
0.1471422016620636
0.1684160828590393
0.0712447240948677
0.16965311765670776
0.1497819423675537
0.15408217906951904
0.11032246798276901
0.1107143759727478
0.13283459842205048
0.1385318785905838
0.12713894248008728
0.10328538715839386
0.12036522477865219
0.14688190817832947
0.15848398208618164
0.1019413024187088
0.15194858610630035
0.13967399299144745
0.12102580070495605
0.1457427591085434
0.14235399663448334
0.15965536236763
0.12215753644704819
0.14116962254047394
0.11098788678646088
0.15297181904315948
0.15676727890968323
0.15063585340976715
0.0995456799864769
0.1416768580675125
0.1345740705728531
0.12195101380348206
0.11788760125637054
0.12999945878982544
0.12848925590515137
0.14385509490966797
0.12741753458976746
0.13235162198543549
0.12071765214204788
0.1263294667005539
0.11051299422979355
0.11521795392036438
0.1307840198278427
0.13333088159561157
0.12928283214569092
0.11492505669593811
0.11573012918233871
0.13410145044326782
0.13762779533863068
0.12701913714408875
0.13179394602775574
0.12193326652050018
0.11115332692861557
0.12253545969724655
0.1095794215798378
0.1267446130514145
0.12257211655378342
0.14943264424800873
0.12027227133512497
0.15877944231033325
0.10603399574756622
0.13232479989528656
0.1103648990392685
0.10949468612670898
0.12222914397716522
0.0881642997264862
0.11553210765123367
0.14491957426071167
0.12764249742031097
0.1309584677219391
0.1275283545255661
0.10900601744651794
0.09443781524896622
0.07634377479553223
0.1302645355463028
0.11098506301641464
0.12657345831394196
0.10614700615406036
0.17290209233760834
0.12423288822174072
0.1228625699877739
0.11968882381916046
0.14503790438175201
0.1306648552417755
0.11224007606506348
0.10850202292203903
0.1376871019601822
0.14036858081817627
0.11885013431310654
0.09209363907575607
0.08502732217311859
0.11527059972286224
0.11927125602960587
0.12203028798103333
0.09195076674222946
0.1313002109527588
0.1386188566684723
0.12572181224822998
0.10570286214351654
0.12871837615966797
0.16552983224391937
0.11045259982347488
0.10798373073339462
0.1192682608962059
0.1336176097393036
0.12698324024677277
0.08471032977104187
0.11427661031484604
0.14691250026226044
0.10276967287063599
0.12125887721776962
0.10301975160837173
0.10240770131349564
0.0984141007065773
0.11590682715177536
0.12383121997117996
0.10977936536073685
0.11354167759418488
0.12093918770551682
0.13159886002540588
0.1490999311208725
0.10057693719863892
0.07315497100353241
0.12383187562227249
0.1190624088048935
0.10889553278684616
0.12787362933158875
0.09232861548662186
0.09529529511928558
0.10213875025510788
0.1207016259431839
0.11217706650495529
0.10363741964101791
0.12112700939178467
0.13233499228954315
0.08988693356513977
0.08784577995538712
0.12824444472789764
0.1210004985332489
0.12098997086286545
0.1263466775417328
0.11979729682207108
0.08665338903665543
0.1298498809337616
0.1268635243177414
0.12096372246742249
0.08614718914031982
0.10011773556470871
0.11250791698694229
0.11735790222883224
0.09721893072128296
0.13950912654399872
0.11779159307479858
0.10785283148288727
0.10099612176418304
0.10278815031051636
0.1380801498889923
0.14234866201877594
0.101022869348526
0.150285542011261
0.11819976568222046
0.11354999244213104
0.08508240431547165
0.12924231588840485
0.1289767473936081
0.1216081976890564
0.12652133405208588
0.12201634794473648
0.12588872015476227
0.14134331047534943
0.08692827075719833
0.11915420740842819
0.10543549805879593
0.10203158855438232
0.11302628368139267
0.10613283514976501
0.10294853895902634
0.09007759392261505
0.09968549758195877
0.11966849118471146
0.11327669024467468
0.13223989307880402
0.11008942127227783
0.10183713585138321
0.09903906285762787
0.10950076580047607
0.12141252309083939
0.10554679483175278
0.13983285427093506
0.11062666028738022
0.09371483325958252
0.11362488567829132
0.12509658932685852
0.09481215476989746
0.08834758400917053
0.1049446240067482
0.11633177846670151
0.10652397572994232
0.14256776869297028
0.09445087611675262
0.09339064359664917
0.07666308432817459
0.09310615062713623
0.08414237201213837
0.09870170056819916
0.10526873171329498
0.1425275355577469
0.10045222193002701
0.12874311208724976
0.0935974046587944
0.09453415125608444
0.08773818612098694
0.1322660893201828
0.0795561820268631
0.11725688725709915
0.12075350433588028
0.10216231644153595
0.11545894294977188
0.12159796059131622
0.11190886795520782
0.09328204393386841
0.10856792330741882
0.12297235429286957
0.13514189422130585
0.11276961117982864
0.10407165437936783
0.09959398210048676
0.10509689152240753
0.11094966530799866
0.1004040390253067
0.09679006785154343
0.08544875681400299
0.10201254487037659
0.13861489295959473
0.11257793754339218
0.13475702702999115
0.10387513786554337
0.09282663464546204
0.06779762357473373
0.09752102196216583
0.10799168795347214
0.10490339249372482
0.11682207882404327
0.09272104501724243
0.08004219830036163
0.13730543851852417
0.09605428576469421
0.10343240201473236
0.10719379037618637
0.12191331386566162
0.11176123470067978
0.09654579311609268
0.10197290033102036
0.12382932007312775
0.0893959105014801
0.10104715824127197
0.09732784330844879
0.0920378714799881
0.09483551234006882
0.12688663601875305
0.12117418646812439
0.11222542077302933
0.10782495886087418
0.09900982677936554
0.0965590551495552
0.11747051030397415
0.09262187778949738
0.08717726171016693
0.12007426470518112
0.0944373682141304
0.09907101839780807
0.11085410416126251
0.10176995396614075
0.08923962712287903
0.09700708091259003
0.11285354197025299
0.10162780433893204
0.10195669531822205
0.10651320219039917
0.11048196256160736
0.10387855768203735
0.09243743121623993
0.09678331762552261
0.08011575788259506
0.10381059348583221
0.08301346749067307
0.11234743893146515
0.11143108457326889
0.09648022055625916
0.09536879509687424
0.07830566167831421
0.07999461144208908
0.09538768976926804
0.14469537138938904
0.08777516335248947
0.09064605087041855
0.093246690928936
0.11026346683502197
0.09697754681110382
0.06064556911587715
0.10715878754854202
0.07450364530086517
0.09174609184265137
0.0857781320810318
0.07075794041156769
0.118250772356987
0.11878041923046112
0.1051832064986229
0.13123010098934174
0.10415224730968475
0.1146714836359024
0.11892562359571457
0.10558807849884033
0.09307987987995148
0.09833511710166931
0.09165824949741364
0.10043997317552567
0.08509241044521332
0.09032965451478958
0.09672553092241287
0.10164158046245575
0.07551674544811249
0.10667803138494492
0.1319873034954071
0.10512153059244156
0.12422845512628555
0.11979769170284271
0.10148470103740692
0.0715731754899025
0.10663612931966782
0.1349385678768158
0.09482762217521667
0.11682458966970444
0.11226308345794678
0.08718689531087875
0.10958734899759293
0.11164569109678268
0.10001297295093536
0.11884209513664246
0.09750159084796906
0.1313031166791916
0.1460166871547699
0.12422705441713333
0.1314762830734253
0.06802937388420105
0.07462651282548904
0.12491846084594727
0.1237591803073883
0.11399174481630325
0.11082057654857635
0.12738844752311707
0.08127254992723465
0.0862078070640564
0.12392251938581467
0.13026270270347595
0.11968932300806046
0.10765092819929123
0.10031478106975555
0.10417550057172775
0.10130150616168976
0.1266859769821167
0.07949750125408173
0.1276969611644745
0.10716463625431061
0.11146342754364014
0.09273994714021683
0.10376526415348053
0.11708375066518784
0.10059560835361481
0.08392611145973206
0.13197988271713257
0.0962495431303978
0.11773855984210968
0.08169767260551453
0.11743978410959244
0.14942610263824463
0.0916021317243576
0.11881407350301743
0.1290053129196167
0.12317094206809998
0.11717644333839417
0.11499682813882828
0.0962182879447937
0.0831625759601593
0.11301997303962708
0.09666747599840164
0.12458708882331848
0.0998554453253746
0.09087499231100082
0.10831357538700104
0.08073023706674576
0.13825327157974243
0.10680879652500153
0.13398174941539764
0.07384567707777023
0.1048056110739708
0.08642136305570602
0.08136892318725586
0.07400243729352951
0.11776437610387802
0.11105484515428543
0.13497218489646912
0.10594780743122101
0.10050130635499954
0.10433756560087204
0.08526014536619186
0.11742688715457916
0.12918464839458466
0.12391769140958786
0.09503860026597977
0.10254023969173431
0.13935983180999756
0.11357317864894867
0.09989387542009354
0.08961041271686554
0.07884569466114044
0.10059160739183426
0.11321499943733215
0.10829803347587585
0.09837433695793152
0.10533963143825531
0.10117916017770767
0.1426285058259964
0.06983662396669388
0.09888307005167007
0.11150090396404266
0.10279489308595657
0.1420273333787918
0.13554149866104126
0.09855015575885773
0.08717289566993713
0.1006590723991394
0.11037209630012512
0.10205650329589844
0.13147865235805511
0.11165840178728104
0.1172291710972786
0.09676267951726913
0.12061969190835953
0.10170230269432068
0.09216060489416122
0.09209167957305908
0.12002234905958176
0.11154773831367493
0.09927728772163391
0.11732875555753708
0.08502432703971863
0.09629828482866287
0.08935058116912842
0.10703571885824203
0.10852343589067459
0.1120348796248436
0.1112847551703453
0.08722776174545288
0.1294780671596527
0.08259859681129456
0.09101574867963791
0.10111511498689651
0.07002865523099899
0.0978771522641182
0.11808973550796509
0.0780491903424263
0.10291876643896103
0.10537388175725937
0.10973795503377914
0.12187051773071289
0.11568314582109451
0.11784970015287399
0.12338630855083466
0.10683074593544006
0.10957131534814835
0.10037936270236969
0.09323933720588684
0.10761544853448868
0.08279929310083389
0.13892821967601776
0.12367367744445801
0.10716552287340164
0.08539293706417084
0.10435821115970612
0.10070288181304932
0.10047073662281036
0.14813406765460968
0.12695278227329254
0.10525496304035187
0.12472867965698242
0.12397068738937378
0.0903272032737732
0.13420641422271729
0.09524212032556534
0.13577429950237274
0.08494697511196136
0.09857968240976334
0.10297032445669174
0.08878931403160095
0.12250298261642456
0.09397125989198685
0.10415133833885193
0.11148788034915924
0.11129952222108841
0.08787932991981506
0.1030169129371643
0.10370845347642899
0.0962032899260521
0.0859823226928711
0.11013015359640121
0.13379988074302673
0.10173369199037552
0.12927372753620148
0.10609962791204453
0.1447163224220276
0.08499905467033386
0.11478658020496368
0.08874502032995224
0.1029280498623848
0.10982507467269897
0.06575194001197815
0.09104952961206436
0.09904824197292328
0.09320788085460663
0.13395452499389648
0.1042635515332222
0.11621224880218506
0.16033770143985748
0.09403462707996368
0.10714240372180939
0.13028298318386078
0.11650270968675613
0.11436664313077927
0.0976620763540268
0.12791092693805695
0.10899542272090912
0.12168675661087036
0.11025640368461609
0.1036415845155716
0.08690208196640015
0.10624685883522034
0.13159433007240295
0.11912570893764496
0.10405835509300232
0.13357241451740265
0.11909861117601395
0.12614235281944275
0.11833779513835907
0.0879184678196907
0.12508855760097504
0.12951578199863434
0.1249530091881752
0.11187342554330826
0.1332823783159256
0.0974968746304512
0.07670318335294724
0.12529893219470978
0.06557804346084595
0.14513704180717468
0.11053866893053055
0.1236729845404625
0.13241314888000488
0.10376600176095963
0.13402731716632843
0.11539880186319351
0.12234979122877121
0.15437012910842896
0.12960940599441528
0.13076220452785492
0.08382543176412582
0.07417623698711395
0.14908266067504883
0.14137613773345947
0.13620059192180634
0.10032614320516586
0.10908548533916473
0.16339781880378723
0.14173051714897156
0.11529742181301117
0.10916391015052795
0.11776945739984512
0.10370248556137085
0.11374980211257935
0.10721615701913834
0.14158612489700317
0.12792588770389557
0.07548559457063675
0.12034426629543304
0.07724999636411667
0.10379093885421753
0.13588039577007294
0.12354180961847305
0.13030485808849335
0.14333471655845642
0.12544630467891693
0.10967541486024857
0.11656017601490021
0.12013852596282959
0.16499917209148407
0.11449094861745834
0.10015188157558441
0.07678398489952087
0.12271850556135178
0.14325650036334991
0.1148466169834137
0.14909568428993225
0.060553163290023804
0.11466486752033234
0.14305847883224487
0.10608003288507462
0.13325516879558563
0.13397322595119476
0.13682249188423157
0.09410587698221207
0.13771584630012512
0.10972687602043152
0.11595400422811508
0.1252414584159851
0.11553747951984406
0.1365446001291275
0.0973869264125824
0.12707088887691498
0.08057593554258347
0.11834006756544113
0.1252916306257248
0.11971691250801086
0.11026409268379211
0.1631883680820465
0.13563217222690582
0.11060044169425964
0.08739524334669113
0.12737441062927246
0.08081873506307602
0.10045140981674194
0.10661396384239197
0.09860701858997345
0.13686928153038025
0.07723718136548996
0.1341262012720108
0.10080090165138245
0.09341030567884445
0.09976918995380402
0.09427351504564285
0.10174465924501419
0.1286889910697937
0.13275697827339172
0.11714886128902435
0.1185033991932869
0.11369465291500092
0.13556402921676636
0.1257154494524002
0.10932914912700653
0.11138664186000824
0.12082215398550034
0.11363222450017929
0.14089098572731018
0.10861185938119888
0.10583628714084625
0.10277001559734344
0.10059255361557007
0.1220085397362709
0.09865820407867432
0.09744392335414886
0.1169949397444725
0.08665084093809128
0.1281469464302063
0.11271946132183075
0.10788628458976746
0.09908532351255417
0.1074686348438263
0.12262710928916931
0.12824974954128265
0.13415053486824036
0.1428077071905136
0.10801715403795242
0.11823844909667969
0.10047457367181778
0.13841485977172852
0.11344883590936661
0.14310038089752197
0.0965912938117981
0.10750537365674973
0.1311042159795761
0.09266328811645508
0.15445639193058014
0.14450359344482422
0.1261490434408188
0.0877562090754509
0.1137780174612999
0.11073540151119232
0.1040482446551323
0.11518759280443192
0.11952785402536392
0.12931324541568756
0.12735630571842194
0.11678896844387054
0.10781227797269821
0.10376108437776566
0.11759953200817108
0.09988181293010712
0.11996221542358398
0.13117679953575134
0.09272518008947372
0.09928420931100845
0.10861054062843323
0.09525188058614731
0.11360833048820496
0.11221618205308914
0.13435283303260803
0.10727513581514359
0.12616805732250214
0.11471772193908691
0.14186038076877594
0.1429530680179596
0.12168474495410919
0.12203129380941391
0.10856842249631882
0.09381767362356186
0.10998544842004776
0.14460237324237823
0.0997936874628067
0.12103486061096191
0.10716745257377625
0.1636877954006195
0.08857175707817078
0.08201054483652115
0.12055354565382004
0.12305764108896255
0.12738800048828125
0.1343340277671814
0.10744819045066833
0.1384195238351822
0.15371106564998627
0.14368820190429688
0.08951934427022934
0.09082035720348358
0.12149535119533539
0.12125572562217712
0.1526549607515335
0.11773253977298737
0.10497891902923584
0.10709920525550842
0.12097117304801941
0.1241983026266098
0.12474054098129272
0.12124119699001312
0.1104910746216774
0.12725085020065308
0.11268406361341476
0.11759928613901138
0.1274978369474411
0.1082116961479187
0.16711673140525818
0.10727062821388245
0.1349163055419922
0.14558418095111847
0.13465143740177155
0.10562985390424728
0.09763918817043304
0.09291103482246399
0.08587627112865448
0.11521075665950775
0.11322813481092453
0.12903176248073578
0.13569770753383636
0.10069839656352997
0.14953866600990295
0.11023041605949402
0.09151315689086914
0.10469256341457367
0.13628698885440826
0.10817812383174896
0.12245739251375198
0.09352261573076248
0.13141870498657227
0.08938048779964447
0.10620362311601639
0.11331059038639069
0.1343705952167511
0.09585727006196976
0.10019455850124359
0.12138225883245468
0.14761510491371155
0.08478246629238129
0.1413145810365677
0.08031584322452545
0.1276332437992096
0.12019339948892593
0.12187506258487701
0.12614741921424866
0.09954912215471268
0.12843041121959686
0.142787367105484
0.10230360180139542
0.1399315893650055
0.10017485171556473
0.11741839349269867
0.11010121554136276
0.13065701723098755
0.1185254380106926
0.13443881273269653
0.10388857126235962
0.11077360063791275
0.1168675348162651
0.10856987535953522
0.1282595545053482
0.1263667792081833
0.14270341396331787
0.10486692190170288
0.08052363246679306
0.1111370250582695
0.12681220471858978
0.13007210195064545
0.11346472054719925
0.1305604875087738
0.09438925236463547
0.14739391207695007
0.12601833045482635
0.08376716822385788
0.10850920528173447
0.13942165672779083
0.10815416276454926
0.11830631643533707
0.12635764479637146
0.1386328488588333
0.10114838927984238
0.10863392055034637
0.11653581261634827
0.14946232736110687
0.08925700932741165
0.08040934056043625
0.11891311407089233
0.12425361573696136
0.09009476006031036
0.09246131777763367
0.1573697030544281
0.10577471554279327
0.1140349805355072
0.12103212624788284
0.1478852927684784
0.10879888385534286
0.08791819214820862
0.101498544216156
0.164321631193161
0.14032132923603058
0.12321098148822784
0.09223566949367523
0.08831867575645447
0.10666988044977188
0.10743284225463867
0.08684113621711731
0.10805651545524597
0.10870415717363358
0.1248740553855896
0.13088181614875793
0.1569829136133194
0.1426752209663391
0.11979415267705917
0.09423580765724182
0.12912121415138245
0.13565053045749664
0.14995038509368896
0.1083846315741539
0.11996439844369888
0.11722757667303085
0.1297129988670349
0.13031329214572906
0.1056644544005394
0.09345598518848419
0.08894845843315125
0.15143047273159027
0.10227523744106293
0.11919204145669937
0.08578219264745712
0.16060471534729004
0.11511347442865372
0.10922247171401978
0.1324031800031662
0.10788579285144806
0.1506226807832718
0.09936897456645966
0.15377846360206604
0.12695081532001495
0.07886294275522232
0.10701435804367065
0.11093804985284805
0.10770510137081146
0.13218343257904053
0.14581359922885895
0.09629832208156586
0.1119779497385025
0.09604506194591522
0.08742310106754303
0.13106350600719452
0.13118188083171844
0.10293647646903992
0.09426262974739075
0.09954911470413208
0.14304004609584808
0.12374758720397949
0.08373484015464783
0.0876292884349823
0.1101243644952774
0.14186351001262665
0.12537336349487305
0.1322263926267624
0.13692884147167206
0.13912437856197357
0.10718078166246414
0.1315346211194992
0.10755594074726105
0.14743103086948395
0.14986222982406616
0.1509832739830017
0.09340301901102066
0.10867422074079514
0.12313440442085266
0.1382196992635727
0.12986810505390167
0.10161899030208588
0.10666919499635696
0.1124940738081932
0.1082109734416008
0.14872708916664124
0.11762672662734985
0.1128416359424591
0.10145365446805954
0.1229972392320633
0.10639163106679916
0.10103083401918411
0.08802653104066849
0.1086384654045105
0.07563892006874084
0.16826848685741425
0.11597073078155518
0.1249670684337616
0.11090978980064392
0.10014290362596512
0.09090448170900345
0.08186992257833481
0.0936063751578331
0.10446520149707794
0.08979350328445435
0.13398510217666626
0.11294626444578171
0.09391557425260544
0.12499019503593445
0.12283597886562347
0.12528540194034576
0.10959126055240631
0.12240242213010788
0.13106387853622437
0.10134948045015335
0.09141520410776138
0.10861068964004517
0.09548704326152802
0.1458648145198822
0.13349640369415283
0.12314765900373459
0.12465773522853851
0.09136957675218582
0.10714324563741684
0.10667236149311066
0.10776831954717636
0.10053050518035889
0.12642431259155273
0.12016893923282623
0.12739752233028412
0.11778027564287186
0.12355435639619827
0.1039738655090332
0.13052423298358917
0.1329955756664276
0.13711272180080414
0.1170470342040062
0.0915997177362442
0.10011759400367737
0.11175813525915146
0.14268213510513306
0.1079823225736618
0.1536930352449417
0.12964998185634613
0.10145896673202515
0.11521230638027191
0.11202027648687363
0.11858849972486496
0.10945605486631393
0.11969698220491409
0.10605549812316895
0.11749114841222763
0.1433124840259552
0.09447688609361649
0.13050726056098938
0.1273319572210312
0.12086322903633118
0.11458605527877808
0.159368097782135
0.12043998390436172
0.09292799234390259
0.07940320670604706
0.11854206770658493
0.1454712599515915
0.12921039760112762
0.11409059911966324
0.13178691267967224
0.1087258830666542
0.14661651849746704
0.12850037217140198
0.1057291179895401
0.14028140902519226
0.12035249918699265
0.10389972478151321
0.14116810262203217
0.11601068079471588
0.1256648302078247
0.13456952571868896
0.11398638784885406
0.12441059947013855
0.1403970569372177
0.13461154699325562
0.09672557562589645
0.168996661901474
0.11248496174812317
0.0897473469376564
0.1013903096318245
0.11550844460725784
0.1232086718082428
0.11358967423439026
0.09597830474376678
0.12146953493356705
0.1063641682267189
0.14271758496761322
0.10627707093954086
0.12578217685222626
0.10970748215913773
0.09703880548477173
0.1495261937379837
0.1234324723482132
0.10343503952026367
0.11315479874610901
0.09623400121927261
0.1137341856956482
0.12633410096168518
0.11552255600690842
0.11011847853660583
0.14259456098079681
0.11998815089464188
0.11236497759819031
0.0949721410870552
0.10703485459089279
0.12157972157001495
0.111585833132267
0.10769674181938171
0.09903337061405182
0.11206374317407608
0.08833446353673935
0.07053105533123016
0.07511601597070694
0.07436679303646088
0.09752127528190613
0.11439893394708633
0.13437776267528534
0.11121781170368195
0.11475150287151337
0.10487858206033707
0.07031011581420898
0.12371021509170532
0.09914813935756683
0.11320818215608597
0.09674942493438721
0.09837324172258377
0.1459021121263504
0.10999765247106552
0.10349719226360321
0.12766993045806885
0.11019899696111679
0.08556324243545532
0.13035403192043304
0.1161554679274559
0.11534176766872406
0.09488184750080109
0.09586979448795319
0.11858367174863815
0.1363244652748108
0.1209929808974266
0.08634372800588608
0.12475917488336563
0.12766094505786896
0.13512460887432098
0.10333255678415298
0.1092379167675972
0.09063739329576492
0.11896058171987534
0.10397931933403015
0.13395316898822784
0.09969289600849152
0.11657004058361053
0.1058928519487381
0.08803059160709381
0.11183860898017883
0.12477562576532364
0.10430126637220383
0.13023626804351807
0.10746444016695023
0.10185789316892624
0.09240472316741943
0.13323840498924255
0.08872971683740616
0.09098099172115326
0.1202126294374466
0.09769030660390854
0.09242423623800278
0.12855389714241028
0.09568903595209122
0.12242253124713898
0.0839972272515297
0.1334342658519745
0.11462527513504028
0.0934164747595787
0.0886467918753624
0.13949045538902283
0.11632129549980164
0.11188608407974243
0.09960952401161194
0.10082080960273743
0.12814712524414062
0.11773763597011566
0.12222561985254288
0.1200692430138588
0.09511937201023102
0.10590845346450806
0.11482594162225723
0.1160103976726532
0.11745889484882355
0.10010390728712082
0.11541830748319626
0.10373788326978683
0.08180643618106842
0.1110834851861
0.10646109282970428
0.09578189253807068
0.12043451517820358
0.11506438255310059
0.10786037147045135
0.11736474931240082
0.09846818447113037
0.09072812646627426
0.12049931287765503
0.11484301090240479
0.10693103075027466
0.09148409217596054
0.09491060674190521
0.1169845387339592
0.10193939507007599
0.09096340835094452
0.12600333988666534
0.10495120286941528
0.11212978512048721
0.08521996438503265
0.09008362144231796
0.09271430224180222
0.11222904920578003
0.10988909751176834
0.1447192132472992
0.09606576710939407
0.10586995631456375
0.13299205899238586
0.10621628165245056
0.098907969892025
0.10319263488054276
0.09690326452255249
0.08646035939455032
0.11624482274055481
0.056727334856987
0.11678383499383926
0.10976238548755646
0.10076568275690079
0.1030014380812645
0.11212833225727081
0.11822022497653961
0.09471989423036575
0.1133459210395813
0.10278467833995819
0.09727036952972412
0.12223182618618011
0.07155553251504898
0.08017020672559738
0.09867779165506363
0.11065315455198288
0.10331268608570099
0.10920318961143494
0.10193728655576706
0.09944003820419312
0.09843675792217255
0.11360236257314682
0.09723125398159027
0.1045476496219635
0.11528995633125305
0.09535392373800278
0.10464709252119064
0.08009816706180573
0.10246806591749191
0.10553557425737381
0.09153120964765549
0.12114977836608887
0.0810897946357727
0.12190371006727219
0.11610355228185654
0.10411251336336136
0.10528621822595596
0.08055547624826431
0.08238214254379272
0.10308860242366791
0.09586158394813538
0.12306199222803116
0.11899734288454056
0.11085206270217896
0.08933952450752258
0.09844397008419037
0.09869036078453064
0.08257711678743362
0.0984165221452713
0.11932925879955292
0.10410801321268082
0.09764590859413147
0.14889714121818542
0.10436435043811798
0.10226701200008392
0.13140742480754852
0.1183483898639679
0.08018302172422409
0.10349836200475693
0.09678468853235245
0.09507562220096588
0.08625035732984543
0.14564083516597748
0.12065988034009933
0.08682476729154587
0.10616535693407059
0.12047553062438965
0.12409303337335587
0.0908697172999382
0.08641835302114487
0.10693546384572983
0.0890301987528801
0.10647640377283096
0.11682023853063583
0.10702510923147202
0.1104479655623436
0.09491537511348724
0.12284223735332489
0.08941908925771713
0.0823788270354271
0.09517321735620499
0.1346133053302765
0.1125316247344017
0.10473710298538208
0.10815885663032532
0.09185013920068741
0.09473109245300293
0.13674268126487732
0.09430041909217834
0.09198503941297531
0.11517583578824997
0.09315580874681473
0.14740976691246033
0.12125440686941147
0.10580834746360779
0.11947422474622726
0.1297719031572342
0.09762034565210342
0.10009431093931198
0.11479136347770691
0.12364832311868668
0.10092160850763321
0.07788468152284622
0.08817600458860397
0.11487457901239395
0.0936528891324997
0.12472325563430786
0.11365199834108353
0.1082666665315628
0.11538325250148773
0.09373714029788971
0.09314833581447601
0.08899692445993423
0.09370165318250656
0.0949835479259491
0.12838289141654968
0.11040136218070984
0.1325259655714035
0.10787003487348557
0.11313054710626602
0.09733457863330841
0.1326597034931183
0.11607390642166138
0.08581460267305374
0.12905743718147278
0.11894851177930832
0.0949581116437912
0.11140698939561844
0.10183270275592804
0.11348729580640793
0.08173350989818573
0.10655636340379715
0.10942666232585907
0.11662092059850693
0.09702714532613754
0.11013665050268173
0.11552532762289047
0.08016370981931686
0.09612441807985306
0.13202765583992004
0.12428957968950272
0.08879552781581879
0.12877218425273895
0.11419916152954102
0.11688575893640518
0.10105308145284653
0.10960361361503601
0.0843694806098938
0.09710453450679779
0.11771796643733978
0.13306891918182373
0.07171791791915894
0.10888580232858658
0.11730681359767914
0.09628190100193024
0.12831144034862518
0.11320830136537552
0.11573249846696854
0.10982921719551086
0.08344757556915283
0.1101333424448967
0.08963862806558609
0.0781734436750412
0.10218919068574905
0.10942888259887695
0.08542806655168533
0.11248726397752762
0.12157569825649261
0.1201290413737297
0.08518755435943604
0.11769203841686249
0.10292693227529526
0.08340218663215637
0.12730014324188232
0.10683942586183548
0.08221567422151566
0.0967845618724823
0.09750387817621231
0.13462001085281372
0.09868942201137543
0.11847008019685745
0.10348516702651978
0.09195461869239807
0.14930738508701324
0.1062391847372055
0.10415145754814148
0.11762575060129166
0.08495752513408661
0.09241825342178345
0.09065352380275726
0.1071719378232956
0.09624437242746353
0.13915973901748657
0.10050113499164581
0.08303817361593246
0.09924657642841339
0.13193313777446747
0.10423637181520462
0.10689027607440948
0.11093495041131973
0.162409245967865
0.12980931997299194
0.11574433743953705
0.11369774490594864
0.10982610285282135
0.11576049774885178
0.0907365083694458
0.09262340515851974
0.1362285166978836
0.11622418463230133
0.11717706173658371
0.10837846249341965
0.10440598428249359
0.09677225351333618
0.12818019092082977
0.09152255952358246
0.11527707427740097
0.11644609272480011
0.12864696979522705
0.11683255434036255
0.11433041840791702
0.11430465430021286
0.12185411155223846
0.09674228727817535
0.13630515336990356
0.09307220578193665
0.10917235165834427
0.08379881829023361
0.10351906716823578
0.11170215904712677
0.13044899702072144
0.10069316625595093
0.10361921042203903
0.1048387959599495
0.11805645376443863
0.11431906372308731
0.11633813381195068
0.09635074436664581
0.10206377506256104
0.10485165566205978
0.06779398024082184
0.08580239117145538
0.09961912035942078
0.11100159585475922
0.123463474214077
0.09601371735334396
0.09938892722129822
0.09811331331729889
0.11415886133909225
0.10319019854068756
0.12357203662395477
0.11995014548301697
0.12020900100469589
0.06985016167163849
0.11963432282209396
0.07262556999921799
0.07934768497943878
0.11773620545864105
0.10586661845445633
0.08260925114154816
0.1146252229809761
0.09153060615062714
0.08692935109138489
0.11543678492307663
0.0776330754160881
0.10276268422603607
0.09292606264352798
0.08023890107870102
0.12859344482421875
0.123661108314991
0.10659845918416977
0.09722457081079483
0.0896812230348587
0.09831500053405762
0.09773573279380798
0.08863593637943268
0.0886930525302887
0.1266786903142929
0.08375740796327591
0.11489014327526093
0.10180560499429703
0.08474992215633392
0.10087602585554123
0.11576299369335175
0.10968083888292313
0.08226772397756577
0.07508014887571335
0.11170651763677597
0.10169491171836853
0.09141671657562256
0.09915480017662048
0.07738679647445679
0.10557632893323898
0.09684111922979355
0.09088680148124695
0.09307897835969925
0.08854062110185623
0.13075600564479828
0.11714835464954376
0.11753708869218826
0.10280805081129074
0.09202055633068085
0.11731627583503723
0.12629182636737823
0.12258083373308182
0.11685413867235184
0.11371060460805893
0.08372712880373001
0.09924444556236267
0.09122507274150848
0.12119746208190918
0.11034492403268814
0.1029091402888298
0.10209593176841736
0.08473388105630875
0.08472377061843872
0.11457940936088562
0.11286213248968124
0.11676430702209473
0.1218809187412262
0.12454849481582642
0.09788612276315689
0.09033318608999252
0.10070939362049103
0.09248892962932587
0.0805097445845604
0.12704603374004364
0.09619603306055069
0.16212621331214905
0.11952105909585953
0.08233219385147095
0.12260811775922775
0.10080432146787643
0.0932498425245285
0.09790625423192978
0.1250077784061432
0.10707002878189087
0.09502620249986649
0.10202715545892715
0.11250244826078415
0.11204232275485992
0.1244431883096695
0.10466773808002472
0.08717826008796692
0.07975783199071884
0.08834116160869598
0.11349019408226013
0.07923857867717743
0.09553052484989166
0.09680637717247009
0.10394275188446045
0.09465847164392471
0.11105061322450638
0.07598309963941574
0.1177906021475792
0.10071060061454773
0.07073351740837097
0.09468215703964233
0.12869365513324738
0.10541678965091705
0.11768408864736557
0.08423487842082977
0.0822947770357132
0.09648175537586212
0.1180904358625412
0.09521904587745667
0.09208998084068298
0.1219431683421135
0.1150147095322609
0.10806848108768463
0.09307457506656647
0.07442788779735565
0.10584502667188644
0.12368384748697281
0.10864890366792679
0.08391567319631577
0.07814886420965195
0.10899489372968674
0.12109678238630295
0.11024890094995499
0.08736500889062881
0.12131543457508087
0.09889622777700424
0.10011380165815353
0.13804669678211212
0.10375756025314331
0.09908749908208847
0.07155095785856247
0.09109033644199371
0.11412712186574936
0.1280728429555893
0.11645785719156265
0.09069299697875977
0.10121592879295349
0.11597749590873718
0.11675754189491272
0.119300477206707
0.11185915023088455
0.0922602042555809
0.10152769088745117
0.08226969838142395
0.11619527637958527
0.11158743500709534
0.11160407215356827
0.11317592859268188
0.0966484323143959
0.06458569318056107
0.09076309204101562
0.10464005172252655
0.13813035190105438
0.13624325394630432
0.10347563773393631
0.10988806933164597
0.09864702820777893
0.09892953187227249
0.11073612421751022
0.10031066834926605
0.07608560472726822
0.11496066302061081
0.08506929129362106
0.09655983000993729
0.09792590141296387
0.09755931049585342
0.0879194587469101
0.09605951607227325
0.08624662458896637
0.08675353229045868
0.10287318378686905
0.09035737812519073
0.09853255748748779
0.12140271067619324
0.10093163698911667
0.10668214410543442
0.10348070412874222
0.098222516477108
0.09771834313869476
0.09343329817056656
0.09996335208415985
0.09045939147472382
0.09759559482336044
0.10123936831951141
0.08012517541646957
0.11100327968597412
0.0855022743344307
0.10250291973352432
0.07933957129716873
0.10953430086374283
0.08846742659807205
0.0626835748553276
0.09720592200756073
0.07896775752305984
0.07304276525974274
0.10407254844903946
0.07961048930883408
0.1014198586344719
0.12395153939723969
0.10122863203287125
0.07942358404397964
0.07386480271816254
0.074777752161026
0.08564408868551254
0.08370304852724075
0.09946341812610626
0.08195652812719345
0.06835940480232239
0.10902722924947739
0.11965884268283844
0.11034495383501053
0.10964659601449966
0.11470504850149155
0.09494373947381973
0.08086312562227249
0.12105735391378403
0.10456578433513641
0.1363198608160019
0.10652242600917816
0.0836825892329216
0.12308009713888168
0.08099227398633957
0.08202986419200897
0.09813225269317627
0.09048344939947128
0.11807651072740555
0.12448523193597794
0.0834084004163742
0.1249675527215004
0.11281995475292206
0.10081776231527328
0.12425055354833603
0.08757739514112473
0.11400419473648071
0.14285007119178772
0.0899311974644661
0.1071389764547348
0.10710114985704422
0.08578778803348541
0.11588795483112335
0.0932299941778183
0.1181243509054184
0.07446511089801788
0.09239399433135986
0.1158762276172638
0.0946991816163063
0.08752401173114777
0.08582597225904465
0.11265204846858978
0.12399846315383911
0.1113179624080658
0.09551438689231873
0.10638310760259628
0.10497410595417023
0.11205808818340302
0.09283953905105591
0.11238593608140945
0.08564562350511551
0.10522454977035522
0.10435079038143158
0.092084139585495
0.08751168847084045
0.09084669500589371
0.10956071317195892
0.08534438163042068
0.0909397304058075
0.0868895873427391
0.11164899170398712
0.10448870807886124
0.1199277713894844
0.09455933421850204
0.09416574984788895
0.0873335525393486
0.10669102519750595
0.10299228876829147
0.08012604713439941
0.10440991818904877
0.10259827971458435
0.10331355035305023
0.09447789937257767
0.09088777005672455
0.07920829951763153
0.10889194160699844
0.11397860199213028
0.11189751327037811
0.11089907586574554
0.1105266660451889
0.11016444116830826
0.13422881066799164
0.09036007523536682
0.09924715757369995
0.13205334544181824
0.1143890917301178
0.09816128015518188
0.10161087661981583
0.10984191298484802
0.09785829484462738
0.12944115698337555
0.10230757296085358
0.10456161201000214
0.08080197870731354
0.12572605907917023
0.08275599777698517
0.12623335421085358
0.09784892946481705
0.07584523409605026
0.10266046226024628
0.10304585844278336
0.11104904115200043
0.12427060306072235
0.11355576664209366
0.10429427772760391
0.08933019638061523
0.0973314493894577
0.11666908115148544
0.10433705151081085
0.10924935340881348
0.13928674161434174
0.10802572220563889
0.1119580864906311
0.1092374250292778
0.1142897829413414
0.11969931423664093
0.09287035465240479
0.0737311840057373
0.08541040122509003
0.1367981731891632
0.13716238737106323
0.0926600843667984
0.07661110162734985
0.10879997164011002
0.08143638074398041
0.12091509997844696
0.09844610095024109
0.0949084460735321
0.09030614793300629
0.10821694880723953
0.10977266728878021
0.09957288205623627
0.11131300777196884
0.08264170587062836
0.09234286844730377
0.09726385772228241
0.1392972469329834
0.11181743443012238
0.08394169062376022
0.10369855910539627
0.09502813220024109
0.09998784959316254
0.09048409014940262
0.09965429455041885
0.10323010385036469
0.08460147678852081
0.11363554745912552
0.12411665171384811
0.10009807348251343
0.1340513527393341
0.08558395504951477
0.09319822490215302
0.09424474090337753
0.11915205419063568
0.11849157512187958
0.10158997029066086
0.09364806860685349
0.1234261617064476
0.10189072787761688
0.11753910034894943
0.09635642170906067
0.1034061387181282
0.10576333105564117
0.1049993559718132
0.11892684549093246
0.07027256488800049
0.14332930743694305
0.09377129375934601
0.12068355083465576
0.1163705587387085
0.09759358316659927
0.12221459299325943
0.10484754294157028
0.1590089201927185
0.12887944281101227
0.11004017293453217
0.1010710597038269
0.08684403449296951
0.08071564137935638
0.13231275975704193
0.0763574168086052
0.11940481513738632
0.10266929864883423
0.0865912064909935
0.13010017573833466
0.10582243651151657
0.12296248972415924
0.09106647968292236
0.11105697602033615
0.10431085526943207
0.12997044622898102
0.10794591158628464
0.09359392523765564
0.11137410998344421
0.10288537293672562
0.09578309953212738
0.12216538190841675
0.10137628018856049
0.08762270212173462
0.08857879042625427
0.1419965922832489
0.14011014997959137
0.13668124377727509
0.11692920327186584
0.10139642655849457
0.09250863641500473
0.07575417309999466
0.07295199483633041
0.14788134396076202
0.12581795454025269
0.09676139801740646
0.0978509709239006
0.11441676318645477
0.11778201162815094
0.08896281570196152
0.08920033276081085
0.12531064450740814
0.0815177783370018
0.12426912039518356
0.10360807180404663
0.07989230751991272
0.13262943923473358
0.09574215114116669
0.10094533860683441
0.1589702069759369
0.1224365085363388
0.10512132197618484
0.142790749669075
0.1514921933412552
0.1365189254283905
0.08244646340608597
0.11002621054649353
0.09562046825885773
0.1362253576517105
0.09908635169267654
0.12291650474071503
0.11914671957492828
0.11489757895469666
0.09969392418861389
0.08711182326078415
0.11782484501600266
0.09144363552331924
0.10895860195159912
0.10504892468452454
0.10789024829864502
0.10899056494235992
0.12989923357963562
0.09179669618606567
0.13530316948890686
0.11149369180202484
0.15474086999893188
0.09886467456817627
0.1475755274295807
0.13017168641090393
0.15425261855125427
0.11883614212274551
0.11469150334596634
0.139473557472229
0.1211102083325386
0.13364097476005554
0.10719200223684311
0.15292569994926453
0.1231456771492958
0.10529579222202301
0.12666530907154083
0.12653225660324097
0.09891840815544128
0.14010021090507507
0.11687370389699936
0.08952739089727402
0.0977485179901123
0.09349274635314941
0.13236643373966217
0.0783551037311554
0.11854326725006104
0.12266270071268082
0.12810656428337097
0.114691823720932
0.10830792784690857
0.09401316195726395
0.06359783560037613
0.1346408724784851
0.10508954524993896
0.13108810782432556
0.07761155068874359
0.10167555510997772
0.09265009313821793
0.11140959709882736
0.12176176905632019
0.09448845684528351
0.08496556431055069
0.1701231300830841
0.12336289882659912
0.08749055862426758
0.10513437539339066
0.12525895237922668
0.09700270742177963
0.09523963928222656
0.12657786905765533
0.11049200594425201
0.1077413484454155
0.14118166267871857
0.10433872044086456
0.08612160384654999
0.09422142058610916
0.11160452663898468
0.11458484083414078
0.08224659413099289
0.10206501930952072
0.1018705740571022
0.09412088245153427
0.10889023542404175
0.09598706662654877
0.08565942943096161
0.12983815371990204
0.0820956900715828
0.1271393746137619
0.16307811439037323
0.08931942284107208
0.12365193665027618
0.12058152258396149
0.0977536216378212
0.13528580963611603
0.08979660272598267
0.09649983048439026
0.09405305236577988
0.11264020949602127
0.0946013331413269
0.08573262393474579
0.11612339317798615
0.12920530140399933
0.10193848609924316
0.15509775280952454
0.0964757576584816
0.12374592572450638
0.11800112575292587
0.1083492711186409
0.12511754035949707
0.08740384131669998
0.13250525295734406
0.17191238701343536
0.11440636962652206
0.15293140709400177
0.10777479410171509
0.13114386796951294
0.10527876019477844
0.11225526034832001
0.1252901554107666
0.156948983669281
0.10282450914382935
0.06339038163423538
0.12098585069179535
0.11881589889526367
0.09866563230752945
0.1077158972620964
0.13694636523723602
0.15582166612148285
0.10594527423381805
0.161460280418396
0.058450665324926376
0.13327336311340332
0.10087212920188904
0.13560815155506134
0.13699471950531006
0.18497252464294434
0.10081543773412704
0.12102840095758438
0.1721082478761673
0.09996449202299118
0.10732564330101013
0.11680775135755539
0.10586552321910858
0.09787888824939728
0.09905357658863068
0.11747253686189651
0.11507950723171234
0.16557247936725616
0.12618596851825714
0.1166849434375763
0.1125546544790268
0.11166581511497498
0.1060469001531601
0.11346201598644257
0.11802250146865845
0.12060697376728058
0.08492349833250046
0.11296968907117844
0.1074906587600708
0.07973901927471161
0.11183755844831467
0.12142182141542435
0.1382669359445572
0.09105812758207321
0.14302004873752594
0.1376078724861145
0.18463079631328583
0.12036673724651337
0.138801708817482
0.1178547590970993
0.13627833127975464
0.08674965798854828
0.09801939874887466
0.1572941094636917
0.10479351133108139
0.10190573334693909
0.0996611937880516
0.1331019550561905
0.0926852822303772
0.13210736215114594
0.12951220571994781
0.0963054671883583
0.10566050559282303
0.12039788067340851
0.13199231028556824
0.11893308162689209
0.13373450934886932
0.10111458599567413
0.11008353531360626
0.13155487179756165
0.1361786127090454
0.09717303514480591
0.1825741082429886
0.14677812159061432
0.09202759712934494
0.10675808042287827
0.1303672343492508
0.15973056852817535
0.12572944164276123
0.12207819521427155
0.15684674680233002
0.14380690455436707
0.12835156917572021
0.1101607009768486
0.164807990193367
0.10356216132640839
0.10991648584604263
0.14782999455928802
0.1417081207036972
0.13354569673538208
0.12135479599237442
0.100583516061306
0.10914376378059387
0.11727912724018097
0.12569406628608704
0.08900125324726105
0.18193145096302032
0.1164119690656662
0.15012016892433167
0.11998756229877472
0.14657728374004364
0.1294425129890442
0.15052667260169983
0.12956348061561584
0.09259033203125
0.12963704764842987
0.08473476767539978
0.10210296511650085
0.1672716736793518
0.08352844417095184
0.13496898114681244
0.140890970826149
0.1307268887758255
0.10107611119747162
0.1422594040632248
0.1293204128742218
0.10547031462192535
0.12483303248882294
0.1362399011850357
0.08267480134963989
0.1270102709531784
0.09454561769962311
0.12821955978870392
0.11985895782709122
0.1305406093597412
0.15270788967609406
0.12833766639232635
0.09560231119394302
0.18175576627254486
0.08826111257076263
0.10258977115154266
0.10666154325008392
0.1307254582643509
0.08295316994190216
0.1743122935295105
0.10503976047039032
0.14410579204559326
0.11671316623687744
0.16203464567661285
0.13081353902816772
0.12213361263275146
0.08066471666097641
0.12796859443187714
0.11559409648180008
0.16507983207702637
0.13372674584388733
0.15078407526016235
0.10718345642089844
0.11231746524572372
0.10955152660608292
0.19965355098247528
0.07415667176246643
0.13368286192417145
0.11847522109746933
0.11758194863796234
0.17041906714439392
0.09812916070222855
0.0880172997713089
0.1889425814151764
0.1370900422334671
0.12833891808986664
0.08027664572000504
0.12909837067127228
0.1497078388929367
0.13917987048625946
0.09765107184648514
0.16466139256954193
0.10814307630062103
0.13195912539958954
0.13042163848876953
0.13980980217456818
0.1797715574502945
0.14690160751342773
0.12256927043199539
0.1641983687877655
0.1410137563943863
0.1291772574186325
0.0888926163315773
0.09453192353248596
0.11759769916534424
0.11082888394594193
0.09588759392499924
0.12600553035736084
0.13897445797920227
0.08232086151838303
0.12296638637781143
0.11906442791223526
0.14046436548233032
0.11530187726020813
0.09054381400346756
0.08146388828754425
0.14953386783599854
0.1265018731355667
0.10586147010326385
0.10272298753261566
0.07291758060455322
0.13114209473133087
0.1062832623720169
0.15059994161128998
0.09647208452224731
0.16272784769535065
0.10788571834564209
0.11002998054027557
0.11085863411426544
0.14751626551151276
0.08923191577196121
0.10239619761705399
0.13523903489112854
0.10008616745471954
0.11912494897842407
0.09703738987445831
0.14044411480426788
0.11683739721775055
0.12777529656887054
0.1501174420118332
0.15192051231861115
0.11432016640901566
0.09186780452728271
0.11105997860431671
0.13648372888565063
0.13467325270175934
0.19090460240840912
0.11773497611284256
0.11929367482662201
0.16217750310897827
0.06697998940944672
0.09345991909503937
0.10336807370185852
0.09846115857362747
0.07313451170921326
0.12139322608709335
0.16265974938869476
0.10620048642158508
0.07345864921808243
0.09930777549743652
0.15929196774959564
0.1238241046667099
0.16891567409038544
0.10377811640501022
0.15381009876728058
0.12767064571380615
0.14627867937088013
0.16066661477088928
0.0871434211730957
0.1373165398836136
0.0997856929898262
0.12693949043750763
0.12894229590892792
0.17321516573429108
0.09988736361265182
0.16115878522396088
0.15347523987293243
0.09221899509429932
0.13094446063041687
0.1598607748746872
0.13375890254974365
0.10572907328605652
0.1005144789814949
0.2029324173927307
0.14560143649578094
0.11925315111875534
0.1016407161951065
0.12601375579833984
0.13260364532470703
0.13222210109233856
0.1273641735315323
0.10166417062282562
0.1382550448179245
0.11040511727333069
0.12847958505153656
0.12185345590114594
0.1517309844493866
0.11563310027122498
0.16067810356616974
0.14952988922595978
0.1199721246957779
0.10575614869594574
0.10469719022512436
0.1393691599369049
0.13592058420181274
0.09547384083271027
0.0998874232172966
0.17104579508304596
0.12364769726991653
0.12170089036226273
0.12096099555492401
0.11161450296640396
0.10196202993392944
0.1307617872953415
0.09682001918554306
0.15801548957824707
0.16968831419944763
0.12796121835708618
0.14563213288784027
0.07786159962415695
0.146413654088974
0.15415440499782562
0.08632130175828934
0.16090624034404755
0.11410778760910034
0.08395851403474808
0.09472442418336868
0.12596698105335236
0.12185972183942795
0.10925982147455215
0.1276485025882721
0.10689491033554077
0.12889622151851654
0.17663700878620148
0.1855115443468094
0.1478501260280609
0.13698264956474304
0.1206994503736496
0.14555245637893677
0.14315517246723175
0.09764459729194641
0.13393914699554443
0.16584020853042603
0.13203541934490204
0.10915495455265045
0.09797172248363495
0.11383011937141418
0.18602211773395538
0.09522329270839691
0.18470358848571777
0.06763999164104462
0.17915308475494385
0.11516941338777542
0.12057755142450333
0.12746481597423553
0.15216471254825592
0.11553887277841568
0.09032213687896729
0.10811179876327515
0.11262696981430054
0.1008029356598854
0.11273152381181717
0.15866920351982117
0.16771045327186584
0.07153329253196716
0.08969436585903168
0.13075588643550873
0.10410359501838684
0.16992831230163574
0.11468206346035004
0.1038903146982193
0.08119341731071472
0.1392587274312973
0.09542301297187805
0.1247430369257927
0.13717998564243317
0.09155669808387756
0.10372314602136612
0.18621334433555603
0.052199915051460266
0.10504663735628128
0.11840011179447174
0.09585417062044144
0.11033792048692703
0.11658906936645508
0.0896381288766861
0.12497654557228088
0.15014687180519104
0.09571891278028488
0.1464037299156189
0.18371890485286713
0.13045302033424377
0.1559745967388153
0.11019518226385117
0.1475185751914978
0.12209804356098175
0.10405392199754715
0.18315723538398743
0.15964537858963013
0.10762310028076172
0.14215534925460815
0.09277316927909851
0.11532971262931824
0.14444035291671753
0.10148096084594727
0.10028873383998871
0.12735845148563385
0.10447119176387787
0.10767877846956253
0.1304907649755478
0.06779947876930237
0.14666183292865753
0.13116765022277832
0.12613657116889954
0.14422862231731415
0.1135428324341774
0.08179628849029541
0.10907544940710068
0.17253515124320984
0.12675544619560242
0.08215156197547913
0.09902123361825943
0.1987764537334442
0.05345224589109421
0.11935745179653168
0.09840619564056396
0.16489805281162262
0.14408168196678162
0.11654536426067352
0.08758111298084259
0.07500709593296051
0.1445060670375824
0.09133823215961456
0.05485553294420242
0.12494361400604248
0.15515385568141937
0.1219501793384552
0.09186813235282898
0.13607928156852722
0.09485772252082825
0.07970872521400452
0.13196158409118652
0.11491790413856506
0.12593665719032288
0.08202939480543137
0.08375965803861618
0.15863369405269623
0.1528688669204712
0.12704068422317505
0.15534080564975739
0.04725233465433121
0.1363256275653839
0.1455191969871521
0.14238378405570984
0.11692412942647934
0.11949241161346436
0.15387658774852753
0.1429159790277481
0.10090593993663788
0.11822682619094849
0.08529774099588394
0.1368550956249237
0.10045532137155533
0.10292861610651016
0.09242235124111176
0.1327156275510788
0.12933196127414703
0.15265080332756042
0.13388806581497192
0.18874427676200867
0.13943228125572205
0.09799929708242416
0.15139374136924744
0.13813777267932892
0.14751049876213074
0.13275063037872314
0.10908138006925583
0.10541117191314697
0.13466086983680725
0.1303149312734604
0.16633152961730957
0.11554987728595734
0.11883966624736786
0.16243532299995422
0.12541964650154114
0.09936966001987457
0.11291805654764175
0.1077163815498352
0.08902426809072495
0.10753677785396576
0.11425343155860901
0.119480200111866
0.11883112043142319
0.12400481849908829
0.11157725006341934
0.14119280874729156
0.07469742745161057
0.13848091661930084
0.13223889470100403
0.14382365345954895
0.12865951657295227
0.08959974348545074
0.1475854367017746
0.10550975799560547
0.12320148944854736
0.14615356922149658
0.17717057466506958
0.14897625148296356
0.09743476659059525
0.12700730562210083
0.1375647932291031
0.06861954927444458
0.16088737547397614
0.09215368330478668
0.11408727616071701
0.1472282111644745
0.10716211795806885
0.12293927371501923
0.13418692350387573
0.10834106057882309
0.11170629411935806
0.12577104568481445
0.12979112565517426
0.09656298905611038
0.15250682830810547
0.11377647519111633
0.13939155638217926
0.1654604971408844
0.09630557149648666
0.09150555729866028
0.1266189068555832
0.11525733768939972
0.087883859872818
0.10528438538312912
0.10833224654197693
0.07406837493181229
0.17957550287246704
0.10564903169870377
0.06749892979860306
0.1471770852804184
0.1138589009642601
0.14855825901031494
0.10353337228298187
0.16029249131679535
0.12217053771018982
0.11687887459993362
0.1668643057346344
0.17938074469566345
0.11498938500881195
0.16763074696063995
0.10043234378099442
0.1203039288520813
0.07464289665222168
0.09005219489336014
0.11452454328536987
0.14299748837947845
0.19035430252552032
0.13136625289916992
0.23557628691196442
0.09581203758716583
0.1474488079547882
0.15793569386005402
0.10534923523664474
0.11913386732339859
0.13323424756526947
0.11530900746583939
0.10105253756046295
0.12412054091691971
0.10746754705905914
0.07263520359992981
0.10175982862710953
0.15330128371715546
0.14631541073322296
0.15827955305576324
0.11605233699083328
0.10975844413042068
0.10097352415323257
0.08240219950675964
0.12658220529556274
0.14912919700145721
0.10919681191444397
0.08681822568178177
0.041112951934337616
0.09991680085659027
0.13004128634929657
0.09053096920251846
0.1418852061033249
0.09010820090770721
0.10716112703084946
0.056291669607162476
0.09343161433935165
0.127131849527359
0.0677567645907402
0.14367450773715973
0.12656287848949432
0.1871739625930786
0.10532733798027039
0.09538193047046661
0.12865598499774933
0.09438475221395493
0.09495450556278229
0.1649494618177414
0.0818503350019455
0.12116183340549469
0.10491276532411575
0.1311938762664795
0.14155526459217072
0.13827669620513916
0.1069997102022171
0.09885842353105545
0.09823192656040192
0.16258445382118225
0.15575020015239716
0.17132540047168732
0.1473737359046936
0.1587861329317093
0.08806802332401276
0.11713878810405731
0.09499494731426239
0.12254296243190765
0.08021259307861328
