version https://git-lfs.github.com/spec/v1
oid sha256:107eda923e1f21f7adc264633aa5db40a34fe5ffe84afe554acfc64006d70e34
size 70
